ka
0.1 0.1 0.3
ks
0.3 0.3 0.4
kd
0.1 0.1 0.6
ambient
100 100 100
light
255 255 255 0.1 0.3 4
push
move
250 250 0
scale
120 120 120
rotate
x 90
face
-0.490114 2.945592 1.162883 -0.595332 2.670209 1.247927 -0.503132 2.924121 1.249078
face
-0.490114 2.945592 1.162883 -0.574354 2.699323 1.159571 -0.595332 2.670209 1.247927
face
-0.391716 2.754966 0.741069 -0.464411 2.653360 0.839422 -0.408305 2.857610 0.841820
face
-0.391716 2.754966 0.741069 -0.438765 2.552181 0.740902 -0.464411 2.653360 0.839422
face
-0.131904 2.634631 0.739288 -0.220315 2.864477 0.839422 -0.143445 2.698639 0.847426
face
-0.131904 2.634631 0.739288 -0.222096 2.800469 0.739477 -0.220315 2.864477 0.839422
face
-0.125309 2.847020 1.157746 -0.239622 2.970404 1.250960 -0.123225 2.832473 1.244142
face
-0.125309 2.847020 1.157746 -0.236727 2.975036 1.166852 -0.239622 2.970404 1.250960
face
-0.135862 2.803379 0.945150 -0.232601 2.972126 1.046946 -0.128280 2.838292 1.042874
face
-0.135862 2.803379 0.945150 -0.226458 2.943032 0.943184 -0.232601 2.972126 1.046946
face
-0.044324 2.593899 0.941538 -0.128280 2.838292 1.042874 0.004454 2.654997 1.059201
face
-0.044324 2.593899 0.941538 -0.135862 2.803379 0.945150 -0.128280 2.838292 1.042874
face
0.033504 2.669056 1.160352 -0.123225 2.832473 1.244142 0.015298 2.656133 1.242331
face
0.033504 2.669056 1.160352 -0.125309 2.847020 1.157746 -0.123225 2.832473 1.244142
face
-0.130207 2.532801 0.540638 -0.223825 2.710277 0.642429 -0.120698 2.576442 0.634285
face
-0.130207 2.532801 0.540638 -0.227441 2.625903 0.534644 -0.223825 2.710277 0.642429
face
-0.084063 2.317502 0.551226 -0.120698 2.576442 0.634285 -0.081350 2.361144 0.650933
face
-0.084063 2.317502 0.551226 -0.130207 2.532801 0.540638 -0.120698 2.576442 0.634285
face
-0.063350 2.433880 0.749316 -0.143445 2.698639 0.847426 -0.059551 2.506616 0.846717
face
-0.063350 2.433880 0.749316 -0.131904 2.634631 0.739288 -0.143445 2.698639 0.847426
face
-0.379418 2.615235 0.547647 -0.413863 2.460315 0.645237 -0.375607 2.681085 0.643239
face
-0.379418 2.615235 0.547647 -0.412597 2.401973 0.552458 -0.413863 2.460315 0.645237
face
-0.227441 2.625903 0.534644 -0.313052 2.730061 0.639971 -0.223825 2.710277 0.642429
face
-0.227441 2.625903 0.534644 -0.325165 2.657907 0.539780 -0.313052 2.730061 0.639971
face
-0.222096 2.800469 0.739477 -0.316562 2.894153 0.845741 -0.220315 2.864477 0.839422
face
-0.222096 2.800469 0.739477 -0.314781 2.829564 0.741343 -0.316562 2.894153 0.845741
face
-0.439931 2.941402 0.940910 -0.544446 2.737556 1.033607 -0.471556 2.962350 1.040001
face
-0.439931 2.941402 0.940910 -0.504429 2.707053 0.936515 -0.544446 2.737556 1.033607
face
-0.226458 2.943032 0.943184 -0.352367 2.989583 1.050457 -0.232601 2.972126 1.046946
face
-0.226458 2.943032 0.943184 -0.334465 2.965144 0.948099 -0.352367 2.989583 1.050457
face
-0.236727 2.975036 1.166852 -0.352367 2.982600 1.250960 -0.239622 2.970404 1.250960
face
-0.236727 2.975036 1.166852 -0.352367 2.989583 1.168300 -0.352367 2.982600 1.250960
face
-0.220315 2.864477 0.839422 -0.334465 2.965144 0.948099 -0.226458 2.943032 0.943184
face
-0.220315 2.864477 0.839422 -0.316562 2.894153 0.845741 -0.334465 2.965144 0.948099
face
-0.408305 2.857610 0.841820 -0.504429 2.707053 0.936515 -0.439931 2.941402 0.940910
face
-0.408305 2.857610 0.841820 -0.464411 2.653360 0.839422 -0.504429 2.707053 0.936515
face
-0.059551 2.506616 0.846717 -0.135862 2.803379 0.945150 -0.044324 2.593899 0.941538
face
-0.059551 2.506616 0.846717 -0.143445 2.698639 0.847426 -0.135862 2.803379 0.945150
face
-0.143445 2.698639 0.847426 -0.226458 2.943032 0.943184 -0.135862 2.803379 0.945150
face
-0.143445 2.698639 0.847426 -0.220315 2.864477 0.839422 -0.226458 2.943032 0.943184
face
-0.232601 2.972126 1.046946 -0.352367 2.989583 1.168300 -0.236727 2.975036 1.166852
face
-0.232601 2.972126 1.046946 -0.352367 2.989583 1.050457 -0.352367 2.989583 1.168300
face
0.004454 2.654997 1.059201 -0.125309 2.847020 1.157746 0.033504 2.669056 1.160352
face
0.004454 2.654997 1.059201 -0.128280 2.838292 1.042874 -0.125309 2.847020 1.157746
face
-0.128280 2.838292 1.042874 -0.236727 2.975036 1.166852 -0.125309 2.847020 1.157746
face
-0.128280 2.838292 1.042874 -0.232601 2.972126 1.046946 -0.236727 2.975036 1.166852
face
-0.471556 2.962350 1.040001 -0.574354 2.699323 1.159571 -0.490114 2.945592 1.162883
face
-0.471556 2.962350 1.040001 -0.544446 2.737556 1.033607 -0.574354 2.699323 1.159571
face
-0.223825 2.710277 0.642429 -0.314781 2.829564 0.741343 -0.222096 2.800469 0.739477
face
-0.223825 2.710277 0.642429 -0.313052 2.730061 0.639971 -0.314781 2.829564 0.741343
face
-0.081350 2.361144 0.650933 -0.131904 2.634631 0.739288 -0.063350 2.433880 0.749316
face
-0.081350 2.361144 0.650933 -0.120698 2.576442 0.634285 -0.131904 2.634631 0.739288
face
-0.120698 2.576442 0.634285 -0.222096 2.800469 0.739477 -0.131904 2.634631 0.739288
face
-0.120698 2.576442 0.634285 -0.223825 2.710277 0.642429 -0.222096 2.800469 0.739477
face
-0.375607 2.681085 0.643239 -0.438765 2.552181 0.740902 -0.391716 2.754966 0.741069
face
-0.375607 2.681085 0.643239 -0.413863 2.460315 0.645237 -0.438765 2.552181 0.740902
face
0.057059 2.297621 0.681547 -0.063350 2.433880 0.749316 0.080275 2.355325 0.765656
face
0.057059 2.297621 0.681547 -0.081350 2.361144 0.650933 -0.063350 2.433880 0.749316
face
0.305308 2.527467 1.069763 0.033504 2.669056 1.160352 0.317430 2.539104 1.171209
face
0.305308 2.527467 1.069763 0.004454 2.654997 1.059201 0.033504 2.669056 1.160352
face
0.163562 2.422242 0.850585 -0.044324 2.593899 0.941538 0.247599 2.485765 0.926826
face
0.163562 2.422242 0.850585 -0.059551 2.506616 0.846717 -0.044324 2.593899 0.941538
face
0.080275 2.355325 0.765656 -0.059551 2.506616 0.846717 0.163562 2.422242 0.850585
face
0.080275 2.355325 0.765656 -0.063350 2.433880 0.749316 -0.059551 2.506616 0.846717
face
0.020611 2.232158 0.580144 -0.081350 2.361144 0.650933 0.057059 2.297621 0.681547
face
0.020611 2.232158 0.580144 -0.084063 2.317502 0.551226 -0.081350 2.361144 0.650933
face
0.317430 2.539104 1.171209 0.015298 2.656133 1.242331 0.290097 2.522133 1.233409
face
0.317430 2.539104 1.171209 0.033504 2.669056 1.160352 0.015298 2.656133 1.242331
face
0.247599 2.485765 0.926826 0.004454 2.654997 1.059201 0.305308 2.527467 1.069763
face
0.247599 2.485765 0.926826 -0.044324 2.593899 0.941538 0.004454 2.654997 1.059201
face
-0.313052 2.730061 0.639971 -0.391716 2.754966 0.741069 -0.314781 2.829564 0.741343
face
-0.313052 2.730061 0.639971 -0.375607 2.681085 0.643239 -0.391716 2.754966 0.741069
face
-0.352367 2.989583 1.050457 -0.490114 2.945592 1.162883 -0.352367 2.989583 1.168300
face
-0.352367 2.989583 1.050457 -0.471556 2.962350 1.040001 -0.490114 2.945592 1.162883
face
-0.316562 2.894153 0.845741 -0.439931 2.941402 0.940910 -0.334465 2.965144 0.948099
face
-0.316562 2.894153 0.845741 -0.408305 2.857610 0.841820 -0.439931 2.941402 0.940910
face
-0.334465 2.965144 0.948099 -0.471556 2.962350 1.040001 -0.352367 2.989583 1.050457
face
-0.334465 2.965144 0.948099 -0.439931 2.941402 0.940910 -0.471556 2.962350 1.040001
face
-0.325165 2.657907 0.539780 -0.375607 2.681085 0.643239 -0.313052 2.730061 0.639971
face
-0.325165 2.657907 0.539780 -0.379418 2.615235 0.547647 -0.375607 2.681085 0.643239
face
-0.314781 2.829564 0.741343 -0.408305 2.857610 0.841820 -0.316562 2.894153 0.845741
face
-0.314781 2.829564 0.741343 -0.391716 2.754966 0.741069 -0.408305 2.857610 0.841820
face
-0.352367 2.989583 1.168300 -0.503132 2.924121 1.249078 -0.352367 2.982600 1.250960
face
-0.352367 2.989583 1.168300 -0.490114 2.945592 1.162883 -0.503132 2.924121 1.249078
face
-0.383007 2.554622 0.457633 -0.402304 2.277133 0.304546 -0.411405 2.350290 0.465093
face
-0.383007 2.554622 0.457633 -0.368570 2.507780 0.284517 -0.402304 2.277133 0.304546
face
-0.336571 2.605537 0.445435 -0.368570 2.507780 0.284517 -0.383007 2.554622 0.457633
face
-0.336571 2.605537 0.445435 -0.334935 2.546184 0.275681 -0.368570 2.507780 0.284517
face
-0.139162 2.489159 0.452456 -0.258353 2.524072 0.266782 -0.230846 2.573533 0.433149
face
-0.139162 2.489159 0.452456 -0.191943 2.460065 0.280766 -0.258353 2.524072 0.266782
face
-0.086618 2.279679 0.457337 -0.191943 2.460065 0.280766 -0.139162 2.489159 0.452456
face
-0.086618 2.279679 0.457337 -0.153883 2.224812 0.284302 -0.191943 2.460065 0.280766
face
-0.230846 2.573533 0.433149 -0.334935 2.546184 0.275681 -0.336571 2.605537 0.445435
face
-0.230846 2.573533 0.433149 -0.258353 2.524072 0.266782 -0.334935 2.546184 0.275681
face
-0.013709 2.177849 0.464110 -0.153883 2.224812 0.284302 -0.086618 2.279679 0.457337
face
-0.013709 2.177849 0.464110 -0.101072 2.130105 0.289208 -0.153883 2.224812 0.284302
face
-0.191943 2.460065 0.280766 -0.291817 2.506616 0.124350 -0.258353 2.524072 0.266782
face
-0.191943 2.460065 0.280766 -0.198732 2.433880 0.143952 -0.291817 2.506616 0.124350
face
-0.101072 2.130105 0.289208 -0.145385 2.197060 0.148908 -0.153883 2.224812 0.284302
face
-0.101072 2.130105 0.289208 -0.071363 2.130367 0.155784 -0.145385 2.197060 0.148908
face
-0.368570 2.507780 0.284517 -0.475135 2.263413 0.156782 -0.402304 2.277133 0.304546
face
-0.368570 2.507780 0.284517 -0.413446 2.490323 0.134044 -0.475135 2.263413 0.156782
face
-0.334935 2.546184 0.275681 -0.413446 2.490323 0.134044 -0.368570 2.507780 0.284517
face
-0.334935 2.546184 0.275681 -0.369624 2.528728 0.121800 -0.413446 2.490323 0.134044
face
-0.258353 2.524072 0.266782 -0.369624 2.528728 0.121800 -0.334935 2.546184 0.275681
face
-0.258353 2.524072 0.266782 -0.291817 2.506616 0.124350 -0.369624 2.528728 0.121800
face
-0.153883 2.224812 0.284302 -0.198732 2.433880 0.143952 -0.191943 2.460065 0.280766
face
-0.153883 2.224812 0.284302 -0.145385 2.197060 0.148908 -0.198732 2.433880 0.143952
face
-0.071363 2.130367 0.155784 -0.156129 2.238947 0.004027 -0.145385 2.197060 0.148908
face
-0.071363 2.130367 0.155784 -0.025557 2.190457 -0.011270 -0.156129 2.238947 0.004027
face
-0.413446 2.490323 0.134044 -0.567944 2.289768 0.005799 -0.475135 2.263413 0.156782
face
-0.413446 2.490323 0.134044 -0.504288 2.479849 -0.015756 -0.567944 2.289768 0.005799
face
-0.369624 2.528728 0.121800 -0.504288 2.479849 -0.015756 -0.413446 2.490323 0.134044
face
-0.369624 2.528728 0.121800 -0.430557 2.549676 -0.029595 -0.504288 2.479849 -0.015756
face
-0.291817 2.506616 0.124350 -0.430557 2.549676 -0.029595 -0.369624 2.528728 0.121800
face
-0.291817 2.506616 0.124350 -0.368595 2.524073 -0.031605 -0.430557 2.549676 -0.029595
face
-0.145385 2.197060 0.148908 -0.233533 2.454246 -0.003164 -0.198732 2.433880 0.143952
face
-0.145385 2.197060 0.148908 -0.156129 2.238947 0.004027 -0.233533 2.454246 -0.003164
face
-0.198732 2.433880 0.143952 -0.368595 2.524073 -0.031605 -0.291817 2.506616 0.124350
face
-0.198732 2.433880 0.143952 -0.233533 2.454246 -0.003164 -0.368595 2.524073 -0.031605
face
-0.578500 2.492924 -0.102227 -0.755891 2.354955 -0.143772 -0.690081 2.330609 -0.091399
face
-0.578500 2.492924 -0.102227 -0.618488 2.496451 -0.148820 -0.755891 2.354955 -0.143772
face
-0.505146 2.554468 -0.119894 -0.618488 2.496451 -0.148820 -0.578500 2.492924 -0.102227
face
-0.505146 2.554468 -0.119894 -0.545336 2.551482 -0.168549 -0.618488 2.496451 -0.148820
face
-0.388640 2.558986 -0.135201 -0.545336 2.551482 -0.168549 -0.505146 2.554468 -0.119894
face
-0.388640 2.558986 -0.135201 -0.394329 2.560214 -0.191021 -0.545336 2.551482 -0.168549
face
-0.093841 2.305864 -0.084274 -0.228239 2.547348 -0.158958 -0.236240 2.474612 -0.094551
face
-0.093841 2.305864 -0.084274 -0.060279 2.410604 -0.131853 -0.228239 2.547348 -0.158958
face
-0.236240 2.474612 -0.094551 -0.394329 2.560214 -0.191021 -0.388640 2.558986 -0.135201
face
-0.236240 2.474612 -0.094551 -0.228239 2.547348 -0.158958 -0.394329 2.560214 -0.191021
face
0.017235 2.273860 -0.078226 -0.060279 2.410604 -0.131853 -0.093841 2.305864 -0.084274
face
0.017235 2.273860 -0.078226 0.052777 2.358234 -0.127922 -0.060279 2.410604 -0.131853
face
0.425906 2.496433 1.068623 0.502779 2.413999 0.920619 0.366108 2.451345 0.920513
face
0.425906 2.496433 1.068623 0.555798 2.452791 1.071288 0.502779 2.413999 0.920619
face
-0.411405 2.350290 0.465093 -0.453560 2.197675 0.579308 -0.412597 2.401973 0.552458
face
-0.411405 2.350290 0.465093 -0.459533 2.170747 0.485895 -0.453560 2.197675 0.579308
face
0.438466 2.500312 1.173739 0.555798 2.452791 1.071288 0.425906 2.496433 1.068623
face
0.438466 2.500312 1.173739 0.563578 2.477036 1.176865 0.555798 2.452791 1.071288
face
0.087674 2.253979 -0.084981 0.170334 2.241857 -0.112218 0.103091 2.312168 -0.117118
face
0.087674 2.253979 -0.084981 0.150400 2.190941 -0.076785 0.170334 2.241857 -0.112218
face
-0.086618 2.279679 0.457337 -0.130207 2.532801 0.540638 -0.084063 2.317502 0.551226
face
-0.086618 2.279679 0.457337 -0.139162 2.489159 0.452456 -0.130207 2.532801 0.540638
face
-0.336571 2.605537 0.445435 -0.379418 2.615235 0.547647 -0.325165 2.657907 0.539780
face
-0.336571 2.605537 0.445435 -0.383007 2.554622 0.457633 -0.379418 2.615235 0.547647
face
0.004821 2.108507 0.259823 0.110263 2.091536 0.097693 0.035606 2.117927 0.121572
face
0.004821 2.108507 0.259823 0.084789 2.093960 0.238305 0.110263 2.091536 0.097693
face
0.095345 2.149724 0.441054 0.084789 2.093960 0.238305 0.004821 2.108507 0.259823
face
0.095345 2.149724 0.441054 0.178530 2.140026 0.422942 0.084789 2.093960 0.238305
face
-0.230846 2.573533 0.433149 -0.325165 2.657907 0.539780 -0.227441 2.625903 0.534644
face
-0.230846 2.573533 0.433149 -0.336571 2.605537 0.445435 -0.325165 2.657907 0.539780
face
0.279031 2.387977 0.841513 0.337153 2.304502 0.745925 0.192730 2.302995 0.753511
face
0.279031 2.387977 0.841513 0.419373 2.358227 0.837751 0.337153 2.304502 0.745925
face
0.035606 2.117927 0.121572 0.123760 2.147300 -0.016992 0.056956 2.176394 -0.000064
face
0.035606 2.117927 0.121572 0.110263 2.091536 0.097693 0.123760 2.147300 -0.016992
face
0.200510 2.065730 0.104129 0.276568 2.056519 0.073218 0.234993 2.089757 0.036394
face
0.200510 2.065730 0.104129 0.249824 2.056519 0.127451 0.276568 2.056519 0.073218
face
0.193803 2.067290 0.177421 0.249824 2.056519 0.127451 0.200510 2.065730 0.104129
face
0.193803 2.067290 0.177421 0.237868 2.056519 0.181143 0.249824 2.056519 0.127451
face
0.266524 2.084265 0.279807 0.084789 2.093960 0.238305 0.178530 2.140026 0.422942
face
0.266524 2.084265 0.279807 0.193803 2.067290 0.177421 0.084789 2.093960 0.238305
face
-0.071363 2.130367 0.155784 0.056956 2.176394 -0.000064 -0.025557 2.190457 -0.011270
face
-0.071363 2.130367 0.155784 0.035606 2.117927 0.121572 0.056956 2.176394 -0.000064
face
0.163562 2.422242 0.850585 0.192730 2.302995 0.753511 0.080275 2.355325 0.765656
face
0.163562 2.422242 0.850585 0.279031 2.387977 0.841513 0.192730 2.302995 0.753511
face
0.080275 2.355325 0.765656 0.168674 2.272298 0.688969 0.057059 2.297621 0.681547
face
0.080275 2.355325 0.765656 0.192730 2.302995 0.753511 0.168674 2.272298 0.688969
face
-0.013709 2.177849 0.464110 0.004821 2.108507 0.259823 -0.101072 2.130105 0.289208
face
-0.013709 2.177849 0.464110 0.095345 2.149724 0.441054 0.004821 2.108507 0.259823
face
-0.101072 2.130105 0.289208 0.035606 2.117927 0.121572 -0.071363 2.130367 0.155784
face
-0.101072 2.130105 0.289208 0.004821 2.108507 0.259823 0.035606 2.117927 0.121572
face
0.290097 2.522133 1.233409 0.438466 2.500312 1.173739 0.317430 2.539104 1.171209
face
0.290097 2.522133 1.233409 0.410144 2.486734 1.238189 0.438466 2.500312 1.173739
face
0.020611 2.232158 0.580144 0.095345 2.149724 0.441054 -0.013709 2.177849 0.464110
face
0.020611 2.232158 0.580144 0.116281 2.195891 0.549585 0.095345 2.149724 0.441054
face
0.017235 2.273860 -0.078226 0.103091 2.312168 -0.117118 0.052777 2.358234 -0.127922
face
0.017235 2.273860 -0.078226 0.087674 2.253979 -0.084981 0.103091 2.312168 -0.117118
face
0.317430 2.539104 1.171209 0.425906 2.496433 1.068623 0.305308 2.527467 1.069763
face
0.317430 2.539104 1.171209 0.438466 2.500312 1.173739 0.425906 2.496433 1.068623
face
0.305308 2.527467 1.069763 0.366108 2.451345 0.920513 0.247599 2.485765 0.926826
face
0.305308 2.527467 1.069763 0.425906 2.496433 1.068623 0.366108 2.451345 0.920513
face
0.247599 2.485765 0.926826 0.279031 2.387977 0.841513 0.163562 2.422242 0.850585
face
0.247599 2.485765 0.926826 0.366108 2.451345 0.920513 0.279031 2.387977 0.841513
face
0.266524 2.084265 0.279807 0.423875 2.056523 0.268751 0.340214 2.056523 0.250876
face
0.266524 2.084265 0.279807 0.383102 2.113359 0.348771 0.423875 2.056523 0.268751
face
0.383102 2.113359 0.348771 0.513685 2.056522 0.280305 0.423875 2.056523 0.268751
face
0.383102 2.113359 0.348771 0.490271 2.092314 0.373935 0.513685 2.056522 0.280305
face
0.263670 2.072351 -0.023723 0.170334 2.241857 -0.112218 0.150400 2.190941 -0.076785
face
0.263670 2.072351 -0.023723 0.301629 2.092314 -0.052365 0.170334 2.241857 -0.112218
face
0.490271 2.092314 0.373935 0.657895 2.056522 0.298568 0.513685 2.056522 0.280305
face
0.490271 2.092314 0.373935 0.658218 2.092314 0.384450 0.657895 2.056522 0.298568
face
0.658218 2.092314 0.384450 0.812349 2.056522 0.286282 0.657895 2.056522 0.298568
face
0.658218 2.092314 0.384450 0.827526 2.092314 0.363160 0.812349 2.056522 0.286282
face
0.827526 2.092314 0.363160 0.925077 2.056522 0.236606 0.812349 2.056522 0.286282
face
0.827526 2.092314 0.363160 0.950868 2.092314 0.302379 0.925077 2.056522 0.236606
face
0.950868 2.092314 0.302379 0.984579 2.056522 0.158487 0.925077 2.056522 0.236606
face
0.950868 2.092314 0.302379 1.035649 2.092314 0.208189 0.984579 2.056522 0.158487
face
1.035649 2.092314 0.208189 1.038631 2.056523 0.096702 0.984579 2.056522 0.158487
face
1.035649 2.092314 0.208189 1.090829 2.092314 0.138440 1.038631 2.056523 0.096702
face
1.090829 2.092314 0.138440 1.054292 2.056523 0.070317 1.038631 2.056523 0.096702
face
1.090829 2.092314 0.138440 1.120450 2.092314 0.093543 1.054292 2.056523 0.070317
face
0.301629 2.092314 -0.052365 0.308425 2.346242 -0.192810 0.170334 2.241857 -0.112218
face
0.301629 2.092314 -0.052365 0.390391 2.092314 -0.113678 0.308425 2.346242 -0.192810
face
0.390391 2.092314 -0.113678 0.463268 2.287019 -0.224180 0.308425 2.346242 -0.192810
face
0.390391 2.092314 -0.113678 0.494834 2.092314 -0.160603 0.463268 2.287019 -0.224180
face
0.494834 2.092314 -0.160603 0.623293 2.231293 -0.254966 0.463268 2.287019 -0.224180
face
0.494834 2.092314 -0.160603 0.591906 2.092314 -0.174222 0.623293 2.231293 -0.254966
face
0.686201 2.092314 -0.178384 0.851921 2.200140 -0.241783 0.706525 2.221452 -0.250550
face
0.686201 2.092314 -0.178384 0.813021 2.092314 -0.164646 0.851921 2.200140 -0.241783
face
0.813021 2.092314 -0.164646 1.012278 2.158039 -0.222751 0.851921 2.200140 -0.241783
face
0.813021 2.092314 -0.164646 0.928022 2.092314 -0.138853 1.012278 2.158039 -0.222751
face
0.928022 2.092314 -0.138853 1.095180 2.113908 -0.139890 1.012278 2.158039 -0.222751
face
0.928022 2.092314 -0.138853 1.049390 2.092314 -0.079951 1.095180 2.113908 -0.139890
face
1.049390 2.092314 -0.079951 1.157799 2.043350 -0.053466 1.095180 2.113908 -0.139890
face
1.049390 2.092314 -0.079951 1.119450 2.092314 -0.030426 1.157799 2.043350 -0.053466
face
1.119450 2.092314 -0.030426 1.190571 2.062441 0.004882 1.157799 2.043350 -0.053466
face
1.119450 2.092314 -0.030426 1.137984 2.092314 0.035950 1.190571 2.062441 0.004882
face
1.120450 2.092314 0.093543 1.060069 2.056523 0.045625 1.054292 2.056523 0.070317
face
1.120450 2.092314 0.093543 1.137984 2.092314 0.035950 1.060069 2.056523 0.045625
face
1.157993 2.090894 0.123730 1.137984 2.092314 0.035950 1.120450 2.092314 0.093543
face
1.157993 2.090894 0.123730 1.190571 2.062441 0.004882 1.137984 2.092314 0.035950
face
1.051764 2.056523 0.014964 1.137984 2.092314 0.035950 1.119450 2.092314 -0.030426
face
1.051764 2.056523 0.014964 1.060069 2.056523 0.045625 1.137984 2.092314 0.035950
face
0.986022 2.056523 -0.042919 1.119450 2.092314 -0.030426 1.049390 2.092314 -0.079951
face
0.986022 2.056523 -0.042919 1.051764 2.056523 0.014964 1.119450 2.092314 -0.030426
face
0.893236 2.056523 -0.104216 1.049390 2.092314 -0.079951 0.928022 2.092314 -0.138853
face
0.893236 2.056523 -0.104216 0.986022 2.056523 -0.042919 1.049390 2.092314 -0.079951
face
0.796404 2.056523 -0.127844 0.928022 2.092314 -0.138853 0.813021 2.092314 -0.164646
face
0.796404 2.056523 -0.127844 0.893236 2.056523 -0.104216 0.928022 2.092314 -0.138853
face
0.690209 2.056523 -0.140005 0.813021 2.092314 -0.164646 0.686201 2.092314 -0.178384
face
0.690209 2.056523 -0.140005 0.796404 2.056523 -0.127844 0.813021 2.092314 -0.164646
face
0.502910 2.056523 -0.129399 0.591906 2.092314 -0.174222 0.494834 2.092314 -0.160603
face
0.502910 2.056523 -0.129399 0.598607 2.056523 -0.139959 0.591906 2.092314 -0.174222
face
0.422011 2.056523 -0.083488 0.494834 2.092314 -0.160603 0.390391 2.092314 -0.113678
face
0.422011 2.056523 -0.083488 0.502910 2.056523 -0.129399 0.494834 2.092314 -0.160603
face
0.355835 2.056523 -0.027654 0.390391 2.092314 -0.113678 0.301629 2.092314 -0.052365
face
0.355835 2.056523 -0.027654 0.422011 2.056523 -0.083488 0.390391 2.092314 -0.113678
face
1.130409 2.099460 0.182471 1.120450 2.092314 0.093543 1.090829 2.092314 0.138440
face
1.130409 2.099460 0.182471 1.157993 2.090894 0.123730 1.120450 2.092314 0.093543
face
1.067012 2.122016 0.275822 1.090829 2.092314 0.138440 1.035649 2.092314 0.208189
face
1.067012 2.122016 0.275822 1.130409 2.099460 0.182471 1.090829 2.092314 0.138440
face
0.965234 2.089111 0.388626 1.035649 2.092314 0.208189 0.950868 2.092314 0.302379
face
0.965234 2.089111 0.388626 1.067012 2.122016 0.275822 1.035649 2.092314 0.208189
face
0.821713 2.138006 0.455755 0.950868 2.092314 0.302379 0.827526 2.092314 0.363160
face
0.821713 2.138006 0.455755 0.965234 2.089111 0.388626 0.950868 2.092314 0.302379
face
0.663640 2.138006 0.480444 0.827526 2.092314 0.363160 0.658218 2.092314 0.384450
face
0.663640 2.138006 0.480444 0.821713 2.138006 0.455755 0.827526 2.092314 0.363160
face
0.478009 2.138006 0.502861 0.658218 2.092314 0.384450 0.490271 2.092314 0.373935
face
0.478009 2.138006 0.502861 0.663640 2.138006 0.480444 0.658218 2.092314 0.384450
face
0.314672 2.056521 0.005229 0.301629 2.092314 -0.052365 0.263670 2.072351 -0.023723
face
0.314672 2.056521 0.005229 0.355835 2.056523 -0.027654 0.301629 2.092314 -0.052365
face
0.335432 2.154573 0.478071 0.490271 2.092314 0.373935 0.383102 2.113359 0.348771
face
0.335432 2.154573 0.478071 0.478009 2.138006 0.502861 0.490271 2.092314 0.373935
face
0.178530 2.140026 0.422942 0.383102 2.113359 0.348771 0.266524 2.084265 0.279807
face
0.178530 2.140026 0.422942 0.335432 2.154573 0.478071 0.383102 2.113359 0.348771
face
0.340214 2.056523 0.250876 0.193803 2.067290 0.177421 0.266524 2.084265 0.279807
face
0.340214 2.056523 0.250876 0.237868 2.056519 0.181143 0.193803 2.067290 0.177421
face
0.084789 2.093960 0.238305 0.200510 2.065730 0.104129 0.110263 2.091536 0.097693
face
0.084789 2.093960 0.238305 0.193803 2.067290 0.177421 0.200510 2.065730 0.104129
face
0.110263 2.091536 0.097693 0.234993 2.089757 0.036394 0.123760 2.147300 -0.016992
face
0.110263 2.091536 0.097693 0.200510 2.065730 0.104129 0.234993 2.089757 0.036394
face
-0.618488 2.496451 -0.148820 -0.860548 2.378863 -0.196120 -0.755891 2.354955 -0.143772
face
-0.618488 2.496451 -0.148820 -0.733394 2.486923 -0.217112 -0.860548 2.378863 -0.196120
face
0.103091 2.312168 -0.117118 0.099620 2.446332 -0.187365 0.052777 2.358234 -0.127922
face
0.103091 2.312168 -0.117118 0.192517 2.400912 -0.205654 0.099620 2.446332 -0.187365
face
-0.545336 2.551482 -0.168549 -0.733394 2.486923 -0.217112 -0.618488 2.496451 -0.148820
face
-0.545336 2.551482 -0.168549 -0.593107 2.547053 -0.229420 -0.733394 2.486923 -0.217112
face
-0.394329 2.560214 -0.191021 -0.593107 2.547053 -0.229420 -0.545336 2.551482 -0.168549
face
-0.394329 2.560214 -0.191021 -0.413605 2.558132 -0.245062 -0.593107 2.547053 -0.229420
face
0.170334 2.241857 -0.112218 0.192517 2.400912 -0.205654 0.103091 2.312168 -0.117118
face
0.170334 2.241857 -0.112218 0.308425 2.346242 -0.192810 0.192517 2.400912 -0.205654
face
-0.060279 2.410604 -0.131853 -0.240441 2.557880 -0.209506 -0.228239 2.547348 -0.158958
face
-0.060279 2.410604 -0.131853 -0.042934 2.492185 -0.174651 -0.240441 2.557880 -0.209506
face
-0.228239 2.547348 -0.158958 -0.413605 2.558132 -0.245062 -0.394329 2.560214 -0.191021
face
-0.228239 2.547348 -0.158958 -0.240441 2.557880 -0.209506 -0.413605 2.558132 -0.245062
face
0.052777 2.358234 -0.127922 -0.042934 2.492185 -0.174651 -0.060279 2.410604 -0.131853
face
0.052777 2.358234 -0.127922 0.099620 2.446332 -0.187365 -0.042934 2.492185 -0.174651
face
-0.464411 2.653360 0.839422 -0.532410 2.237311 0.952505 -0.504429 2.707053 0.936515
face
-0.464411 2.653360 0.839422 -0.494767 2.201276 0.861173 -0.532410 2.237311 0.952505
face
-0.402304 2.277133 0.304546 -0.459533 2.170747 0.485895 -0.411405 2.350290 0.465093
face
-0.402304 2.277133 0.304546 -0.451752 2.157639 0.341349 -0.459533 2.170747 0.485895
face
-0.475135 2.263413 0.156782 -0.451752 2.157639 0.341349 -0.402304 2.277133 0.304546
face
-0.475135 2.263413 0.156782 -0.528257 2.157639 0.191245 -0.451752 2.157639 0.341349
face
-0.860548 2.378863 -0.196120 -0.844109 2.286507 -0.088503 -0.755891 2.354955 -0.143772
face
-0.860548 2.378863 -0.196120 -0.975986 2.287551 -0.114736 -0.844109 2.286507 -0.088503
face
-0.438765 2.552181 0.740902 -0.494767 2.201276 0.861173 -0.464411 2.653360 0.839422
face
-0.438765 2.552181 0.740902 -0.470643 2.197311 0.768498 -0.494767 2.201276 0.861173
face
-0.567944 2.289768 0.005799 -0.528257 2.157639 0.191245 -0.475135 2.263413 0.156782
face
-0.567944 2.289768 0.005799 -0.612718 2.157640 0.043967 -0.528257 2.157639 0.191245
face
-0.413863 2.460315 0.645237 -0.470643 2.197311 0.768498 -0.438765 2.552181 0.740902
face
-0.413863 2.460315 0.645237 -0.447218 2.190079 0.678509 -0.470643 2.197311 0.768498
face
-0.574354 2.699323 1.159571 -0.633714 2.310603 1.245441 -0.595332 2.670209 1.247927
face
-0.574354 2.699323 1.159571 -0.598186 2.304524 1.162327 -0.633714 2.310603 1.245441
face
-0.544446 2.737556 1.033607 -0.598186 2.304524 1.162327 -0.574354 2.699323 1.159571
face
-0.544446 2.737556 1.033607 -0.570054 2.278601 1.043837 -0.598186 2.304524 1.162327
face
-0.690081 2.330609 -0.091399 -0.612718 2.157640 0.043967 -0.567944 2.289768 0.005799
face
-0.690081 2.330609 -0.091399 -0.742366 2.214508 -0.049152 -0.612718 2.157640 0.043967
face
-0.504429 2.707053 0.936515 -0.570054 2.278601 1.043837 -0.544446 2.737556 1.033607
face
-0.504429 2.707053 0.936515 -0.532410 2.237311 0.952505 -0.570054 2.278601 1.043837
face
-0.412597 2.401973 0.552458 -0.447218 2.190079 0.678509 -0.413863 2.460315 0.645237
face
-0.412597 2.401973 0.552458 -0.453560 2.197675 0.579308 -0.447218 2.190079 0.678509
face
-0.661255 2.072853 0.094626 -0.672039 2.044090 0.158038 -0.619847 2.072853 0.166832
face
-0.661255 2.072853 0.094626 -0.690914 2.044090 0.120280 -0.672039 2.044090 0.158038
face
-0.619847 2.072853 0.166832 -0.670840 2.044090 0.199130 -0.596745 2.072853 0.242223
face
-0.619847 2.072853 0.166832 -0.672039 2.044090 0.158038 -0.670840 2.044090 0.199130
face
-0.596745 2.072853 0.242223 -0.459533 2.170747 0.485895 -0.451752 2.157639 0.341349
face
-0.596745 2.072853 0.242223 -0.644636 2.072855 0.328186 -0.459533 2.170747 0.485895
face
-0.644636 2.072855 0.328186 -0.671199 2.075961 0.491078 -0.459533 2.170747 0.485895
face
-0.644636 2.072855 0.328186 -0.751436 2.072855 0.354092 -0.671199 2.075961 0.491078
face
-0.751436 2.072855 0.354092 -0.863690 2.086024 0.493228 -0.671199 2.075961 0.491078
face
-0.751436 2.072855 0.354092 -0.884301 2.072855 0.380170 -0.863690 2.086024 0.493228
face
-0.884301 2.072855 0.380170 -0.980485 2.061892 0.480379 -0.863690 2.086024 0.493228
face
-0.884301 2.072855 0.380170 -0.971783 2.072855 0.391612 -0.980485 2.061892 0.480379
face
-0.971783 2.072855 0.391612 -1.133679 2.038938 0.477312 -0.980485 2.061892 0.480379
face
-0.971783 2.072855 0.391612 -1.080489 2.072855 0.393295 -1.133679 2.038938 0.477312
face
-1.080489 2.072855 0.393295 -1.262578 2.010060 0.427970 -1.133679 2.038938 0.477312
face
-1.080489 2.072855 0.393295 -1.232426 2.064546 0.346102 -1.262578 2.010060 0.427970
face
-1.232426 2.064546 0.346102 -1.369354 2.003705 0.322037 -1.262578 2.010060 0.427970
face
-1.232426 2.064546 0.346102 -1.326358 2.038670 0.262802 -1.369354 2.003705 0.322037
face
-1.326358 2.038670 0.262802 -1.428158 1.994555 0.233303 -1.369354 2.003705 0.322037
face
-1.326358 2.038670 0.262802 -1.393407 2.060219 0.192221 -1.428158 1.994555 0.233303
face
-0.766067 2.072855 0.008729 -0.612718 2.157640 0.043967 -0.742366 2.214508 -0.049152
face
-0.766067 2.072855 0.008729 -0.661255 2.072853 0.094626 -0.612718 2.157640 0.043967
face
-0.990970 2.072856 -0.063756 -0.844109 2.286507 -0.088503 -0.975986 2.287551 -0.114736
face
-0.990970 2.072856 -0.063756 -0.843308 2.072856 -0.021000 -0.844109 2.286507 -0.088503
face
-0.843308 2.072856 -0.021000 -0.742366 2.214508 -0.049152 -0.844109 2.286507 -0.088503
face
-0.843308 2.072856 -0.021000 -0.766067 2.072855 0.008729 -0.742366 2.214508 -0.049152
face
-0.755891 2.354955 -0.143772 -0.742366 2.214508 -0.049152 -0.690081 2.330609 -0.091399
face
-0.755891 2.354955 -0.143772 -0.844109 2.286507 -0.088503 -0.742366 2.214508 -0.049152
face
0.276568 2.056519 0.073218 0.263670 2.072351 -0.023723 0.234993 2.089757 0.036394
face
0.276568 2.056519 0.073218 0.314672 2.056521 0.005229 0.263670 2.072351 -0.023723
face
0.234993 2.089757 0.036394 0.150400 2.190941 -0.076785 0.123760 2.147300 -0.016992
face
0.234993 2.089757 0.036394 0.263670 2.072351 -0.023723 0.150400 2.190941 -0.076785
face
-0.025557 2.190457 -0.011270 0.087674 2.253979 -0.084981 0.017235 2.273860 -0.078226
face
-0.025557 2.190457 -0.011270 0.056956 2.176394 -0.000064 0.087674 2.253979 -0.084981
face
0.056956 2.176394 -0.000064 0.150400 2.190941 -0.076785 0.087674 2.253979 -0.084981
face
0.056956 2.176394 -0.000064 0.123760 2.147300 -0.016992 0.150400 2.190941 -0.076785
face
-0.025557 2.190457 -0.011270 -0.093841 2.305864 -0.084274 -0.156129 2.238947 0.004027
face
-0.025557 2.190457 -0.011270 0.017235 2.273860 -0.078226 -0.093841 2.305864 -0.084274
face
-0.233533 2.454246 -0.003164 -0.388640 2.558986 -0.135201 -0.368595 2.524073 -0.031605
face
-0.233533 2.454246 -0.003164 -0.236240 2.474612 -0.094551 -0.388640 2.558986 -0.135201
face
-0.156129 2.238947 0.004027 -0.236240 2.474612 -0.094551 -0.233533 2.454246 -0.003164
face
-0.156129 2.238947 0.004027 -0.093841 2.305864 -0.084274 -0.236240 2.474612 -0.094551
face
-0.368595 2.524073 -0.031605 -0.505146 2.554468 -0.119894 -0.430557 2.549676 -0.029595
face
-0.368595 2.524073 -0.031605 -0.388640 2.558986 -0.135201 -0.505146 2.554468 -0.119894
face
-0.430557 2.549676 -0.029595 -0.578500 2.492924 -0.102227 -0.504288 2.479849 -0.015756
face
-0.430557 2.549676 -0.029595 -0.505146 2.554468 -0.119894 -0.578500 2.492924 -0.102227
face
-0.504288 2.479849 -0.015756 -0.690081 2.330609 -0.091399 -0.567944 2.289768 0.005799
face
-0.504288 2.479849 -0.015756 -0.578500 2.492924 -0.102227 -0.690081 2.330609 -0.091399
face
-1.073847 2.072856 -0.080114 -1.157297 2.044094 -0.047365 -1.074391 2.044094 -0.054313
face
-1.073847 2.072856 -0.080114 -1.170761 2.072856 -0.084728 -1.157297 2.044094 -0.047365
face
-1.229504 2.072856 -0.072204 -1.277812 2.044094 -0.009504 -1.207845 2.044094 -0.031485
face
-1.229504 2.072856 -0.072204 -1.296005 2.072856 -0.050930 -1.277812 2.044094 -0.009504
face
-1.296005 2.072856 -0.050930 -1.339638 2.044094 0.054697 -1.277812 2.044094 -0.009504
face
-1.296005 2.072856 -0.050930 -1.369370 2.072856 0.020594 -1.339638 2.044094 0.054697
face
-1.369370 2.072856 0.020594 -1.337311 2.044094 0.110464 -1.339638 2.044094 0.054697
face
-1.369370 2.072856 0.020594 -1.374305 2.033515 0.099165 -1.337311 2.044094 0.110464
face
-1.393407 2.060219 0.192221 -1.461262 1.980831 0.158843 -1.428158 1.994555 0.233303
face
-1.393407 2.060219 0.192221 -1.372097 2.033515 0.140731 -1.461262 1.980831 0.158843
face
-1.374305 2.033515 0.099165 -1.335525 2.044093 0.133302 -1.337311 2.044094 0.110464
face
-1.374305 2.033515 0.099165 -1.372097 2.033515 0.140731 -1.335525 2.044093 0.133302
face
-1.469851 1.989384 0.071985 -1.372097 2.033515 0.140731 -1.374305 2.033515 0.099165
face
-1.469851 1.989384 0.071985 -1.461262 1.980831 0.158843 -1.372097 2.033515 0.140731
face
-1.328001 2.044093 0.170571 -1.372097 2.033515 0.140731 -1.393407 2.060219 0.192221
face
-1.328001 2.044093 0.170571 -1.335525 2.044093 0.133302 -1.372097 2.033515 0.140731
face
-1.471092 2.001504 -0.064370 -1.374305 2.033515 0.099165 -1.369370 2.072856 0.020594
face
-1.471092 2.001504 -0.064370 -1.469851 1.989384 0.071985 -1.374305 2.033515 0.099165
face
-1.349501 2.157640 -0.159041 -1.369370 2.072856 0.020594 -1.296005 2.072856 -0.050930
face
-1.349501 2.157640 -0.159041 -1.471092 2.001504 -0.064370 -1.369370 2.072856 0.020594
face
-1.255079 2.185918 -0.162851 -1.296005 2.072856 -0.050930 -1.229504 2.072856 -0.072204
face
-1.255079 2.185918 -0.162851 -1.349501 2.157640 -0.159041 -1.296005 2.072856 -0.050930
face
-1.072893 2.249773 -0.142277 -1.170761 2.072856 -0.084728 -1.073847 2.072856 -0.080114
face
-1.072893 2.249773 -0.142277 -1.185071 2.211262 -0.158144 -1.170761 2.072856 -0.084728
face
-0.842979 2.044094 0.006687 -0.766067 2.072855 0.008729 -0.843308 2.072856 -0.021000
face
-0.842979 2.044094 0.006687 -0.775788 2.044093 0.048314 -0.766067 2.072855 0.008729
face
-0.997115 2.044094 -0.042847 -0.843308 2.072856 -0.021000 -0.990970 2.072856 -0.063756
face
-0.997115 2.044094 -0.042847 -0.842979 2.044094 0.006687 -0.843308 2.072856 -0.021000
face
-0.775788 2.044093 0.048314 -0.661255 2.072853 0.094626 -0.766067 2.072855 0.008729
face
-0.775788 2.044093 0.048314 -0.690914 2.044090 0.120280 -0.661255 2.072853 0.094626
face
-1.276295 2.044093 0.233707 -1.393407 2.060219 0.192221 -1.326358 2.038670 0.262802
face
-1.276295 2.044093 0.233707 -1.328001 2.044093 0.170571 -1.393407 2.060219 0.192221
face
-1.190050 2.044093 0.310807 -1.326358 2.038670 0.262802 -1.232426 2.064546 0.346102
face
-1.190050 2.044093 0.310807 -1.276295 2.044093 0.233707 -1.326358 2.038670 0.262802
face
-1.066894 2.044093 0.358541 -1.232426 2.064546 0.346102 -1.080489 2.072855 0.393295
face
-1.066894 2.044093 0.358541 -1.190050 2.044093 0.310807 -1.232426 2.064546 0.346102
face
-0.967703 2.044093 0.354517 -1.080489 2.072855 0.393295 -0.971783 2.072855 0.391612
face
-0.967703 2.044093 0.354517 -1.066894 2.044093 0.358541 -1.080489 2.072855 0.393295
face
-0.891792 2.044093 0.335301 -0.971783 2.072855 0.391612 -0.884301 2.072855 0.380170
face
-0.891792 2.044093 0.335301 -0.967703 2.044093 0.354517 -0.971783 2.072855 0.391612
face
-0.783053 2.044093 0.294924 -0.884301 2.072855 0.380170 -0.751436 2.072855 0.354092
face
-0.783053 2.044093 0.294924 -0.891792 2.044093 0.335301 -0.884301 2.072855 0.380170
face
-0.720556 2.044094 0.263502 -0.751436 2.072855 0.354092 -0.644636 2.072855 0.328186
face
-0.720556 2.044094 0.263502 -0.783053 2.044093 0.294924 -0.751436 2.072855 0.354092
face
-0.670840 2.044090 0.199130 -0.644636 2.072855 0.328186 -0.596745 2.072853 0.242223
face
-0.670840 2.044090 0.199130 -0.720556 2.044094 0.263502 -0.644636 2.072855 0.328186
face
-0.528257 2.157639 0.191245 -0.596745 2.072853 0.242223 -0.451752 2.157639 0.341349
face
-0.528257 2.157639 0.191245 -0.619847 2.072853 0.166832 -0.596745 2.072853 0.242223
face
-0.612718 2.157640 0.043967 -0.619847 2.072853 0.166832 -0.528257 2.157639 0.191245
face
-0.612718 2.157640 0.043967 -0.661255 2.072853 0.094626 -0.619847 2.072853 0.166832
face
-0.975986 2.287551 -0.114736 -1.073847 2.072856 -0.080114 -0.990970 2.072856 -0.063756
face
-0.975986 2.287551 -0.114736 -1.072893 2.249773 -0.142277 -1.073847 2.072856 -0.080114
face
-0.990970 2.072856 -0.063756 -1.074391 2.044094 -0.054313 -0.997115 2.044094 -0.042847
face
-0.990970 2.072856 -0.063756 -1.073847 2.072856 -0.080114 -1.074391 2.044094 -0.054313
face
-1.185071 2.211262 -0.158144 -1.229504 2.072856 -0.072204 -1.170761 2.072856 -0.084728
face
-1.185071 2.211262 -0.158144 -1.255079 2.185918 -0.162851 -1.229504 2.072856 -0.072204
face
-1.170761 2.072856 -0.084728 -1.207845 2.044094 -0.031485 -1.157297 2.044094 -0.047365
face
-1.170761 2.072856 -0.084728 -1.229504 2.072856 -0.072204 -1.207845 2.044094 -0.031485
face
-1.051568 2.275352 -0.231601 -0.975986 2.287551 -0.114736 -0.860548 2.378863 -0.196120
face
-1.051568 2.275352 -0.231601 -1.072893 2.249773 -0.142277 -0.975986 2.287551 -0.114736
face
-1.051568 2.275352 -0.231601 -1.185071 2.211262 -0.158144 -1.072893 2.249773 -0.142277
face
-1.051568 2.275352 -0.231601 -1.161379 2.255670 -0.241238 -1.185071 2.211262 -0.158144
face
-1.161379 2.255670 -0.241238 -1.255079 2.185918 -0.162851 -1.185071 2.211262 -0.158144
face
-1.161379 2.255670 -0.241238 -1.246700 2.218987 -0.227831 -1.255079 2.185918 -0.162851
face
-1.255079 2.185918 -0.162851 -1.246700 2.218987 -0.227831 -1.349501 2.157640 -0.159041
face
-0.413605 2.558132 -0.245062 -0.726903 2.541504 -0.432634 -0.593107 2.547053 -0.229420
face
-0.413605 2.558132 -0.245062 -0.483003 2.541277 -0.454794 -0.726903 2.541504 -0.432634
face
-0.240441 2.557880 -0.209506 -0.483003 2.541277 -0.454794 -0.413605 2.558132 -0.245062
face
-0.240441 2.557880 -0.209506 -0.290649 2.542862 -0.420898 -0.483003 2.541277 -0.454794
face
0.308425 2.346242 -0.192810 0.167516 2.502438 -0.349547 0.192517 2.400912 -0.205654
face
0.308425 2.346242 -0.192810 0.268767 2.476269 -0.336435 0.167516 2.502438 -0.349547
face
-1.349501 2.157640 -0.159041 -1.522469 1.979734 -0.196448 -1.471092 2.001504 -0.064370
face
-1.349501 2.157640 -0.159041 -1.423697 2.120695 -0.301963 -1.522469 1.979734 -0.196448
face
0.623293 2.231293 -0.254966 0.426836 2.407638 -0.368459 0.463268 2.287019 -0.224180
face
0.623293 2.231293 -0.254966 0.574678 2.372782 -0.392725 0.426836 2.407638 -0.368459
face
-0.593107 2.547053 -0.229420 -0.862869 2.474987 -0.410781 -0.733394 2.486923 -0.217112
face
-0.593107 2.547053 -0.229420 -0.726903 2.541504 -0.432634 -0.862869 2.474987 -0.410781
face
-1.051568 2.275352 -0.231601 -1.231657 2.266661 -0.385872 -1.161379 2.255670 -0.241238
face
-1.051568 2.275352 -0.231601 -1.094789 2.320234 -0.400804 -1.231657 2.266661 -0.385872
face
1.095180 2.113908 -0.139890 0.987283 2.225683 -0.367000 1.012278 2.158039 -0.222751
face
1.095180 2.113908 -0.139890 1.102013 2.131706 -0.280263 0.987283 2.225683 -0.367000
face
-0.042934 2.492185 -0.174651 -0.290649 2.542862 -0.420898 -0.240441 2.557880 -0.209506
face
-0.042934 2.492185 -0.174651 -0.065143 2.563138 -0.370532 -0.290649 2.542862 -0.420898
face
0.851921 2.200140 -0.241783 0.682322 2.339627 -0.390604 0.706525 2.221452 -0.250550
face
0.851921 2.200140 -0.241783 0.833135 2.295985 -0.386428 0.682322 2.339627 -0.390604
face
-0.733394 2.486923 -0.217112 -0.964808 2.383856 -0.395545 -0.860548 2.378863 -0.196120
face
-0.733394 2.486923 -0.217112 -0.862869 2.474987 -0.410781 -0.964808 2.383856 -0.395545
face
-1.161379 2.255670 -0.241238 -1.318754 2.214490 -0.372186 -1.246700 2.218987 -0.227831
face
-1.161379 2.255670 -0.241238 -1.231657 2.266661 -0.385872 -1.318754 2.214490 -0.372186
face
-1.246700 2.218987 -0.227831 -1.423697 2.120695 -0.301963 -1.349501 2.157640 -0.159041
face
-1.246700 2.218987 -0.227831 -1.318754 2.214490 -0.372186 -1.423697 2.120695 -0.301963
face
1.157799 2.043350 -0.053466 1.102013 2.131706 -0.280263 1.095180 2.113908 -0.139890
face
1.157799 2.043350 -0.053466 1.185947 2.080381 -0.242387 1.102013 2.131706 -0.280263
face
0.192517 2.400912 -0.205654 0.095862 2.533723 -0.364934 0.099620 2.446332 -0.187365
face
0.192517 2.400912 -0.205654 0.167516 2.502438 -0.349547 0.095862 2.533723 -0.364934
face
0.099620 2.446332 -0.187365 -0.065143 2.563138 -0.370532 -0.042934 2.492185 -0.174651
face
0.099620 2.446332 -0.187365 0.095862 2.533723 -0.364934 -0.065143 2.563138 -0.370532
face
0.463268 2.287019 -0.224180 0.268767 2.476269 -0.336435 0.308425 2.346242 -0.192810
face
0.463268 2.287019 -0.224180 0.426836 2.407638 -0.368459 0.268767 2.476269 -0.336435
face
-0.860548 2.378863 -0.196120 -1.094789 2.320234 -0.400804 -1.051568 2.275352 -0.231601
face
-0.860548 2.378863 -0.196120 -0.964808 2.383856 -0.395545 -1.094789 2.320234 -0.400804
face
1.012278 2.158039 -0.222751 0.833135 2.295985 -0.386428 0.851921 2.200140 -0.241783
face
1.012278 2.158039 -0.222751 0.987283 2.225683 -0.367000 0.833135 2.295985 -0.386428
face
-1.423697 2.120695 -0.301963 -1.581296 1.950683 -0.511981 -1.522469 1.979734 -0.196448
face
-1.423697 2.120695 -0.301963 -1.474208 2.057440 -0.576796 -1.581296 1.950683 -0.511981
face
-0.483003 2.541277 -0.454794 -0.782822 2.515885 -0.735849 -0.726903 2.541504 -0.432634
face
-0.483003 2.541277 -0.454794 -0.533043 2.552795 -0.734395 -0.782822 2.515885 -0.735849
face
-0.964808 2.383856 -0.395545 -1.162185 2.295702 -0.678720 -1.094789 2.320234 -0.400804
face
-0.964808 2.383856 -0.395545 -0.987925 2.402610 -0.709645 -1.162185 2.295702 -0.678720
face
-0.290649 2.542862 -0.420898 -0.533043 2.552795 -0.734395 -0.483003 2.541277 -0.454794
face
-0.290649 2.542862 -0.420898 -0.332959 2.565587 -0.699442 -0.533043 2.552795 -0.734395
face
-1.094789 2.320234 -0.400804 -1.254448 2.195638 -0.663324 -1.231657 2.266661 -0.385872
face
-1.094789 2.320234 -0.400804 -1.162185 2.295702 -0.678720 -1.254448 2.195638 -0.663324
face
-0.726903 2.541504 -0.432634 -0.894271 2.472641 -0.715340 -0.862869 2.474987 -0.410781
face
-0.726903 2.541504 -0.432634 -0.782822 2.515885 -0.735849 -0.894271 2.472641 -0.715340
face
0.833135 2.295985 -0.386428 0.670365 2.353349 -0.668203 0.682322 2.339627 -0.390604
face
0.833135 2.295985 -0.386428 0.825883 2.277822 -0.663897 0.670365 2.353349 -0.668203
face
-1.231657 2.266661 -0.385872 -1.351225 2.112298 -0.649210 -1.318754 2.214490 -0.372186
face
-1.231657 2.266661 -0.385872 -1.254448 2.195638 -0.663324 -1.351225 2.112298 -0.649210
face
-0.065143 2.563138 -0.370532 -0.332959 2.565587 -0.699442 -0.290649 2.542862 -0.420898
face
-0.065143 2.563138 -0.370532 -0.100418 2.597780 -0.647504 -0.332959 2.565587 -0.699442
face
0.987283 2.225683 -0.367000 0.825883 2.277822 -0.663897 0.833135 2.295985 -0.386428
face
0.987283 2.225683 -0.367000 0.984840 2.195632 -0.643862 0.825883 2.277822 -0.663897
face
-1.318754 2.214490 -0.372186 -1.474208 2.057440 -0.576796 -1.423697 2.120695 -0.301963
face
-1.318754 2.214490 -0.372186 -1.351225 2.112298 -0.649210 -1.474208 2.057440 -0.576796
face
-0.862869 2.474987 -0.410781 -0.987925 2.402610 -0.709645 -0.964808 2.383856 -0.395545
face
-0.862869 2.474987 -0.410781 -0.894271 2.472641 -0.715340 -0.987925 2.402610 -0.709645
face
1.102013 2.131706 -0.280263 0.984840 2.195632 -0.643862 0.987283 2.225683 -0.367000
face
1.102013 2.131706 -0.280263 1.164410 2.134731 -0.571269 0.984840 2.195632 -0.643862
face
0.167516 2.502438 -0.349547 0.065609 2.582407 -0.641732 0.095862 2.533723 -0.364934
face
0.167516 2.502438 -0.349547 0.139499 2.555774 -0.625865 0.065609 2.582407 -0.641732
face
1.185947 2.080381 -0.242387 1.164410 2.134731 -0.571269 1.102013 2.131706 -0.280263
face
1.185947 2.080381 -0.242387 1.311378 2.036012 -0.518478 1.164410 2.134731 -0.571269
face
0.426836 2.407638 -0.368459 0.182432 2.544980 -0.624145 0.268767 2.476269 -0.336435
face
0.426836 2.407638 -0.368459 0.345432 2.479365 -0.657167 0.182432 2.544980 -0.624145
face
0.268767 2.476269 -0.336435 0.139499 2.555774 -0.625865 0.167516 2.502438 -0.349547
face
0.268767 2.476269 -0.336435 0.182432 2.544980 -0.624145 0.139499 2.555774 -0.625865
face
0.095862 2.533723 -0.364934 -0.100418 2.597780 -0.647504 -0.065143 2.563138 -0.370532
face
0.095862 2.533723 -0.364934 0.065609 2.582407 -0.641732 -0.100418 2.597780 -0.647504
face
0.574678 2.372782 -0.392725 0.345432 2.479365 -0.657167 0.426836 2.407638 -0.368459
face
0.574678 2.372782 -0.392725 0.547670 2.435310 -0.664544 0.345432 2.479365 -0.657167
face
-0.332959 2.565587 -0.699442 -0.518138 2.547215 -1.039879 -0.533043 2.552795 -0.734395
face
-0.332959 2.565587 -0.699442 -0.337357 2.565587 -1.006323 -0.518138 2.547215 -1.039879
face
0.706525 2.221452 -0.250550 0.574678 2.372782 -0.392725 0.623293 2.231293 -0.254966
face
0.706525 2.221452 -0.250550 0.682322 2.339627 -0.390604 0.574678 2.372782 -0.392725
face
-1.162185 2.295702 -0.678720 -1.242735 2.163763 -0.971648 -1.254448 2.195638 -0.663324
face
-1.162185 2.295702 -0.678720 -1.133443 2.241688 -0.986429 -1.242735 2.163763 -0.971648
face
-0.782822 2.515885 -0.735849 -0.903846 2.413719 -0.996307 -0.894271 2.472641 -0.715340
face
-0.782822 2.515885 -0.735849 -0.719912 2.495896 -1.017941 -0.903846 2.413719 -0.996307
face
0.825883 2.277822 -0.663897 0.625870 2.337926 -0.976332 0.670365 2.353349 -0.668203
face
0.825883 2.277822 -0.663897 0.775172 2.254755 -0.972198 0.625870 2.337926 -0.976332
face
-1.254448 2.195638 -0.663324 -1.355166 2.109474 -0.937340 -1.351225 2.112298 -0.649210
face
-1.254448 2.195638 -0.663324 -1.242735 2.163763 -0.971648 -1.355166 2.109474 -0.937340
face
-0.100418 2.597780 -0.647504 -0.337357 2.565587 -1.006323 -0.332959 2.565587 -0.699442
face
-0.100418 2.597780 -0.647504 -0.114109 2.559929 -0.956460 -0.337357 2.565587 -1.006323
face
0.984840 2.195632 -0.643862 0.775172 2.254755 -0.972198 0.825883 2.277822 -0.663897
face
0.984840 2.195632 -0.643862 0.927777 2.159722 -0.952964 0.775172 2.254755 -0.972198
face
-1.351225 2.112298 -0.649210 -1.459058 2.042466 -0.888578 -1.474208 2.057440 -0.576796
face
-1.351225 2.112298 -0.649210 -1.355166 2.109474 -0.937340 -1.459058 2.042466 -0.888578
face
-0.894271 2.472641 -0.715340 -1.004764 2.357922 -0.981223 -0.987925 2.402610 -0.709645
face
-0.894271 2.472641 -0.715340 -0.903846 2.413719 -0.996307 -1.004764 2.357922 -0.981223
face
1.164410 2.134731 -0.571269 0.927777 2.159722 -0.952964 0.984840 2.195632 -0.643862
face
1.164410 2.134731 -0.571269 1.077762 2.033376 -0.877627 0.927777 2.159722 -0.952964
face
0.139499 2.555774 -0.625865 0.045283 2.527925 -0.938796 0.065609 2.582407 -0.641732
face
0.139499 2.555774 -0.625865 0.116220 2.525383 -0.935687 0.045283 2.527925 -0.938796
face
1.311378 2.036012 -0.518478 1.077762 2.033376 -0.877627 1.164410 2.134731 -0.571269
face
1.311378 2.036012 -0.518478 1.182314 1.952762 -0.831834 1.077762 2.033376 -0.877627
face
0.345432 2.479365 -0.657167 0.154980 2.524168 -0.934506 0.182432 2.544980 -0.624145
face
0.345432 2.479365 -0.657167 0.311466 2.486630 -0.966209 0.154980 2.524168 -0.934506
face
0.182432 2.544980 -0.624145 0.116220 2.525383 -0.935687 0.139499 2.555774 -0.625865
face
0.182432 2.544980 -0.624145 0.154980 2.524168 -0.934506 0.116220 2.525383 -0.935687
face
0.065609 2.582407 -0.641732 -0.114109 2.559929 -0.956460 -0.100418 2.597780 -0.647504
face
0.065609 2.582407 -0.641732 0.045283 2.527925 -0.938796 -0.114109 2.559929 -0.956460
face
0.547670 2.435310 -0.664544 0.311466 2.486630 -0.966209 0.345432 2.479365 -0.657167
face
0.547670 2.435310 -0.664544 0.490073 2.417776 -0.978432 0.311466 2.486630 -0.966209
face
-1.474208 2.057440 -0.576796 -1.562967 1.911721 -0.824778 -1.581296 1.950683 -0.511981
face
-1.474208 2.057440 -0.576796 -1.459058 2.042466 -0.888578 -1.562967 1.911721 -0.824778
face
-0.533043 2.552795 -0.734395 -0.719912 2.495896 -1.017941 -0.782822 2.515885 -0.735849
face
-0.533043 2.552795 -0.734395 -0.518138 2.547215 -1.039879 -0.719912 2.495896 -1.017941
face
-0.987925 2.402610 -0.709645 -1.133443 2.241688 -0.986429 -1.162185 2.295702 -0.678720
face
-0.987925 2.402610 -0.709645 -1.004764 2.357922 -0.981223 -1.133443 2.241688 -0.986429
face
0.775172 2.254755 -0.972198 0.493195 2.180949 -1.295662 0.625870 2.337926 -0.976332
face
0.775172 2.254755 -0.972198 0.612738 2.069099 -1.292352 0.493195 2.180949 -1.295662
face
-1.242735 2.163763 -0.971648 -1.135938 2.187335 -1.278553 -1.355166 2.109474 -0.937340
face
-1.242735 2.163763 -0.971648 -1.028988 2.243156 -1.299440 -1.135938 2.187335 -1.278553
face
-0.114109 2.559929 -0.956460 -0.252763 2.509511 -1.363592 -0.337357 2.565587 -1.006323
face
-0.114109 2.559929 -0.956460 -0.076120 2.480658 -1.350855 -0.252763 2.509511 -1.363592
face
0.927777 2.159722 -0.952964 0.612738 2.069099 -1.292352 0.775172 2.254755 -0.972198
face
0.927777 2.159722 -0.952964 0.734925 1.976930 -1.276952 0.612738 2.069099 -1.292352
face
-1.355166 2.109474 -0.937340 -1.308368 2.045612 -1.273111 -1.459058 2.042466 -0.888578
face
-1.355166 2.109474 -0.937340 -1.135938 2.187335 -1.278553 -1.308368 2.045612 -1.273111
face
-0.903846 2.413719 -0.996307 -0.808201 2.386634 -1.328856 -1.004764 2.357922 -0.981223
face
-0.903846 2.413719 -0.996307 -0.710549 2.447486 -1.345116 -0.808201 2.386634 -1.328856
face
1.077762 2.033376 -0.877627 0.734925 1.976930 -1.276952 0.927777 2.159722 -0.952964
face
1.077762 2.033376 -0.877627 0.878521 1.869184 -1.210306 0.734925 1.976930 -1.276952
face
0.116220 2.525383 -0.935687 0.062033 2.458127 -1.333871 0.045283 2.527925 -0.938796
face
0.116220 2.525383 -0.935687 0.125149 2.440945 -1.321674 0.062033 2.458127 -1.333871
face
1.182314 1.952762 -0.831834 0.878521 1.869184 -1.210306 1.077762 2.033376 -0.877627
face
1.182314 1.952762 -0.831834 1.040226 1.719836 -1.147798 0.878521 1.869184 -1.210306
face
0.311466 2.486630 -0.966209 0.146035 2.427818 -1.318899 0.154980 2.524168 -0.934506
face
0.311466 2.486630 -0.966209 0.246055 2.372466 -1.312914 0.146035 2.427818 -1.318899
face
0.154980 2.524168 -0.934506 0.125149 2.440945 -1.321674 0.116220 2.525383 -0.935687
face
0.154980 2.524168 -0.934506 0.146035 2.427818 -1.318899 0.125149 2.440945 -1.321674
face
0.045283 2.527925 -0.938796 -0.076120 2.480658 -1.350855 -0.114109 2.559929 -0.956460
face
0.045283 2.527925 -0.938796 0.062033 2.458127 -1.333871 -0.076120 2.480658 -1.350855
face
0.490073 2.417776 -0.978432 0.246055 2.372466 -1.312914 0.311466 2.486630 -0.966209
face
0.490073 2.417776 -0.978432 0.393839 2.279348 -1.300851 0.246055 2.372466 -1.312914
face
-1.459058 2.042466 -0.888578 -1.480608 1.850238 -1.209163 -1.562967 1.911721 -0.824778
face
-1.459058 2.042466 -0.888578 -1.308368 2.045612 -1.273111 -1.480608 1.850238 -1.209163
face
-0.518138 2.547215 -1.039879 -0.588873 2.500201 -1.360347 -0.719912 2.495896 -1.017941
face
-0.518138 2.547215 -1.039879 -0.407771 2.532512 -1.367455 -0.588873 2.500201 -1.360347
face
0.574678 2.372782 -0.392725 0.670365 2.353349 -0.668203 0.547670 2.435310 -0.664544
face
0.574678 2.372782 -0.392725 0.682322 2.339627 -0.390604 0.670365 2.353349 -0.668203
face
-1.004764 2.357922 -0.981223 -0.915444 2.322827 -1.303747 -1.133443 2.241688 -0.986429
face
-1.004764 2.357922 -0.981223 -0.808201 2.386634 -1.328856 -0.915444 2.322827 -1.303747
face
-0.337357 2.565587 -1.006323 -0.407771 2.532512 -1.367455 -0.518138 2.547215 -1.039879
face
-0.337357 2.565587 -1.006323 -0.252763 2.509511 -1.363592 -0.407771 2.532512 -1.367455
face
0.670365 2.353349 -0.668203 0.490073 2.417776 -0.978432 0.547670 2.435310 -0.664544
face
0.670365 2.353349 -0.668203 0.625870 2.337926 -0.976332 0.490073 2.417776 -0.978432
face
-1.133443 2.241688 -0.986429 -1.028988 2.243156 -1.299440 -1.242735 2.163763 -0.971648
face
-1.133443 2.241688 -0.986429 -0.915444 2.322827 -1.303747 -1.028988 2.243156 -1.299440
face
-0.719912 2.495896 -1.017941 -0.710549 2.447486 -1.345116 -0.903846 2.413719 -0.996307
face
-0.719912 2.495896 -1.017941 -0.588873 2.500201 -1.360347 -0.710549 2.447486 -1.345116
face
0.753063 2.459256 1.236139 0.952938 2.432991 1.159619 0.759870 2.432991 1.156109
face
0.753063 2.459256 1.236139 0.930966 2.428660 1.227012 0.952938 2.432991 1.159619
face
-0.139162 2.489159 0.452456 -0.227441 2.625903 0.534644 -0.130207 2.532801 0.540638
face
-0.139162 2.489159 0.452456 -0.230846 2.573533 0.433149 -0.227441 2.625903 0.534644
face
0.410144 2.486734 1.238189 0.563578 2.477036 1.176865 0.438466 2.500312 1.173739
face
0.410144 2.486734 1.238189 0.532362 2.492547 1.239965 0.563578 2.477036 1.176865
face
0.192730 2.302995 0.753511 0.310993 2.260470 0.639290 0.168674 2.272298 0.688969
face
0.192730 2.302995 0.753511 0.337153 2.304502 0.745925 0.310993 2.260470 0.639290
face
-0.383007 2.554622 0.457633 -0.412597 2.401973 0.552458 -0.379418 2.615235 0.547647
face
-0.383007 2.554622 0.457633 -0.411405 2.350290 0.465093 -0.412597 2.401973 0.552458
face
0.759870 2.432991 1.156109 0.929904 2.372377 1.055544 0.736836 2.408745 1.052034
face
0.759870 2.432991 1.156109 0.952938 2.432991 1.159619 0.929904 2.372377 1.055544
face
-0.013709 2.177849 0.464110 -0.084063 2.317502 0.551226 0.020611 2.232158 0.580144
face
-0.013709 2.177849 0.464110 -0.086618 2.279679 0.457337 -0.084063 2.317502 0.551226
face
0.366108 2.451345 0.920513 0.419373 2.358227 0.837751 0.279031 2.387977 0.841513
face
0.366108 2.451345 0.920513 0.502779 2.413999 0.920619 0.419373 2.358227 0.837751
face
1.532623 1.989888 0.419736 1.327294 2.081038 0.551170 1.540287 1.962593 0.527482
face
1.532623 1.989888 0.419736 1.283637 2.076228 0.428289 1.327294 2.081038 0.551170
face
0.057059 2.297621 0.681547 0.116281 2.195891 0.549585 0.020611 2.232158 0.580144
face
0.057059 2.297621 0.681547 0.168674 2.272298 0.688969 0.116281 2.195891 0.549585
face
0.563578 2.477036 1.176865 0.736836 2.408745 1.052034 0.555798 2.452791 1.071288
face
0.563578 2.477036 1.176865 0.759870 2.432991 1.156109 0.736836 2.408745 1.052034
face
0.419373 2.358227 0.837751 0.521974 2.326297 0.759478 0.337153 2.304502 0.745925
face
0.419373 2.358227 0.837751 0.567096 2.329948 0.839076 0.521974 2.326297 0.759478
face
0.337153 2.304502 0.745925 0.470166 2.241048 0.649674 0.310993 2.260470 0.639290
face
0.337153 2.304502 0.745925 0.521974 2.326297 0.759478 0.470166 2.241048 0.649674
face
0.502779 2.413999 0.920619 0.567096 2.329948 0.839076 0.419373 2.358227 0.837751
face
0.502779 2.413999 0.920619 0.662198 2.366316 0.909576 0.567096 2.329948 0.839076
face
0.555798 2.452791 1.071288 0.662198 2.366316 0.909576 0.502779 2.413999 0.920619
face
0.555798 2.452791 1.071288 0.736836 2.408745 1.052034 0.662198 2.366316 0.909576
face
0.532362 2.492547 1.239965 0.759870 2.432991 1.156109 0.563578 2.477036 1.176865
face
0.532362 2.492547 1.239965 0.753063 2.459256 1.236139 0.759870 2.432991 1.156109
face
1.734829 1.787717 0.500402 1.532623 1.989888 0.419736 1.540287 1.962593 0.527482
face
1.734829 1.787717 0.500402 1.756190 1.782998 0.409958 1.532623 1.989888 0.419736
face
0.116281 2.195891 0.549585 0.310993 2.260470 0.639290 0.335432 2.154573 0.478071
face
0.116281 2.195891 0.549585 0.168674 2.272298 0.688969 0.310993 2.260470 0.639290
face
0.116281 2.195891 0.549585 0.178530 2.140026 0.422942 0.095345 2.149724 0.441054
face
0.116281 2.195891 0.549585 0.335432 2.154573 0.478071 0.178530 2.140026 0.422942
face
0.736836 2.408745 1.052034 0.855266 2.303682 0.913086 0.662198 2.366316 0.909576
face
0.736836 2.408745 1.052034 0.929904 2.372377 1.055544 0.855266 2.303682 0.913086
face
0.662198 2.366316 0.909576 0.777335 2.296360 0.808858 0.567096 2.329948 0.839076
face
0.662198 2.366316 0.909576 0.855266 2.303682 0.913086 0.777335 2.296360 0.808858
face
0.521974 2.326297 0.759478 0.664755 2.241048 0.647634 0.470166 2.241048 0.649674
face
0.521974 2.326297 0.759478 0.703369 2.285498 0.762988 0.664755 2.241048 0.647634
face
0.567096 2.329948 0.839076 0.703369 2.285498 0.762988 0.521974 2.326297 0.759478
face
0.567096 2.329948 0.839076 0.777335 2.296360 0.808858 0.703369 2.285498 0.762988
face
0.777335 2.296360 0.808858 0.935310 2.216803 0.645463 0.703369 2.285498 0.762988
face
0.777335 2.296360 0.808858 0.995145 2.249130 0.727588 0.935310 2.216803 0.645463
face
0.703369 2.285498 0.762988 0.874462 2.192558 0.580657 0.664755 2.241048 0.647634
face
0.703369 2.285498 0.762988 0.935310 2.216803 0.645463 0.874462 2.192558 0.580657
face
0.929904 2.372377 1.055544 1.024534 2.261253 0.833472 0.855266 2.303682 0.913086
face
0.929904 2.372377 1.055544 1.096645 2.315805 1.023951 1.024534 2.261253 0.833472
face
0.952938 2.432991 1.159619 1.096645 2.315805 1.023951 0.929904 2.372377 1.055544
face
0.952938 2.432991 1.159619 1.119678 2.380459 1.128026 1.096645 2.315805 1.023951
face
1.283637 2.076228 0.428289 1.156693 2.106083 0.557489 1.327294 2.081038 0.551170
face
1.283637 2.076228 0.428289 1.137607 2.138141 0.429342 1.156693 2.106083 0.557489
face
0.855266 2.303682 0.913086 0.995145 2.249130 0.727588 0.777335 2.296360 0.808858
face
0.855266 2.303682 0.913086 1.024534 2.261253 0.833472 0.995145 2.249130 0.727588
face
0.930966 2.428660 1.227012 1.119678 2.380459 1.128026 0.952938 2.432991 1.159619
face
0.930966 2.428660 1.227012 1.097707 2.400918 1.228276 1.119678 2.380459 1.128026
face
1.097707 2.400918 1.228276 1.258687 2.308774 1.117495 1.119678 2.380459 1.128026
face
1.097707 2.400918 1.228276 1.238178 2.344172 1.235297 1.258687 2.308774 1.117495
face
0.995145 2.249130 0.727588 1.074319 2.154573 0.634932 0.935310 2.216803 0.645463
face
0.995145 2.249130 0.727588 1.134154 2.192590 0.717057 1.074319 2.154573 0.634932
face
1.119678 2.380459 1.128026 1.235653 2.287826 1.013420 1.096645 2.315805 1.023951
face
1.119678 2.380459 1.128026 1.258687 2.308774 1.117495 1.235653 2.287826 1.013420
face
0.935310 2.216803 0.645463 1.013471 2.140026 0.570126 0.874462 2.192558 0.580657
face
0.935310 2.216803 0.645463 1.074319 2.154573 0.634932 1.013471 2.140026 0.570126
face
1.137607 2.138141 0.429342 1.013471 2.140026 0.570126 1.156693 2.106083 0.557489
face
1.137607 2.138141 0.429342 0.969814 2.108507 0.447244 1.013471 2.140026 0.570126
face
1.096645 2.315805 1.023951 1.163543 2.207137 0.822941 1.024534 2.261253 0.833472
face
1.096645 2.315805 1.023951 1.235653 2.287826 1.013420 1.163543 2.207137 0.822941
face
1.024534 2.261253 0.833472 1.134154 2.192590 0.717057 0.995145 2.249130 0.727588
face
1.024534 2.261253 0.833472 1.163543 2.207137 0.822941 1.134154 2.192590 0.717057
face
0.821713 2.138006 0.455755 0.969814 2.108507 0.447244 0.965234 2.089111 0.388626
face
0.874462 2.192558 0.580657 0.969814 2.108507 0.447244 0.821713 2.138006 0.455755
face
0.874462 2.192558 0.580657 1.013471 2.140026 0.570126 0.969814 2.108507 0.447244
face
0.969814 2.108507 0.447244 1.110211 2.134017 0.356682 0.965234 2.089111 0.388626
face
0.969814 2.108507 0.447244 1.137607 2.138141 0.429342 1.110211 2.134017 0.356682
face
1.235653 2.287826 1.013420 1.306764 2.147300 0.810304 1.163543 2.207137 0.822941
face
1.235653 2.287826 1.013420 1.378875 2.189089 1.000783 1.306764 2.147300 0.810304
face
1.163543 2.207137 0.822941 1.277375 2.140026 0.704419 1.134154 2.192590 0.717057
face
1.163543 2.207137 0.822941 1.306764 2.147300 0.810304 1.277375 2.140026 0.704419
face
1.134154 2.192590 0.717057 1.217541 2.120630 0.622294 1.074319 2.154573 0.634932
face
1.134154 2.192590 0.717057 1.277375 2.140026 0.704419 1.217541 2.120630 0.622294
face
1.238178 2.344172 1.235297 1.401909 2.191964 1.104858 1.258687 2.308774 1.117495
face
1.238178 2.344172 1.235297 1.398951 2.176419 1.224122 1.401909 2.191964 1.104858
face
1.074319 2.154573 0.634932 1.156693 2.106083 0.557489 1.013471 2.140026 0.570126
face
1.074319 2.154573 0.634932 1.217541 2.120630 0.622294 1.156693 2.106083 0.557489
face
1.258687 2.308774 1.117495 1.378875 2.189089 1.000783 1.235653 2.287826 1.013420
face
1.258687 2.308774 1.117495 1.401909 2.191964 1.104858 1.378875 2.189089 1.000783
face
0.965234 2.089111 0.388626 1.110211 2.134017 0.356682 1.067012 2.122016 0.275822
face
1.277375 2.140026 0.704419 1.388143 2.061471 0.615976 1.217541 2.120630 0.622294
face
1.277375 2.140026 0.704419 1.447977 2.052743 0.698101 1.388143 2.061471 0.615976
face
1.306764 2.147300 0.810304 1.447977 2.052743 0.698101 1.277375 2.140026 0.704419
face
1.306764 2.147300 0.810304 1.477366 2.046924 0.803985 1.447977 2.052743 0.698101
face
0.821713 2.138006 0.455755 0.664755 2.241048 0.647634 0.874462 2.192558 0.580657
face
0.821713 2.138006 0.455755 0.663640 2.138006 0.480444 0.664755 2.241048 0.647634
face
1.217541 2.120630 0.622294 1.327294 2.081038 0.551170 1.156693 2.106083 0.557489
face
1.217541 2.120630 0.622294 1.388143 2.061471 0.615976 1.327294 2.081038 0.551170
face
1.398951 2.176419 1.224122 1.572510 2.026161 1.098539 1.401909 2.191964 1.104858
face
1.398951 2.176419 1.224122 1.559315 2.006000 1.225117 1.572510 2.026161 1.098539
face
1.110211 2.134017 0.356682 1.186714 2.073109 0.248442 1.067012 2.122016 0.275822
face
1.110211 2.134017 0.356682 1.259750 2.080773 0.362649 1.186714 2.073109 0.248442
face
1.137607 2.138141 0.429342 1.259750 2.080773 0.362649 1.110211 2.134017 0.356682
face
1.137607 2.138141 0.429342 1.283637 2.076228 0.428289 1.259750 2.080773 0.362649
face
1.378875 2.189089 1.000783 1.477366 2.046924 0.803985 1.306764 2.147300 0.810304
face
1.378875 2.189089 1.000783 1.549477 2.042075 0.994464 1.477366 2.046924 0.803985
face
1.401909 2.191964 1.104858 1.549477 2.042075 0.994464 1.378875 2.189089 1.000783
face
1.401909 2.191964 1.104858 1.572510 2.026161 1.098539 1.549477 2.042075 0.994464
face
1.067012 2.122016 0.275822 1.186714 2.073109 0.248442 1.130409 2.099460 0.182471
face
0.663640 2.138006 0.480444 0.470166 2.241048 0.649674 0.664755 2.241048 0.647634
face
0.663640 2.138006 0.480444 0.478009 2.138006 0.502861 0.470166 2.241048 0.649674
face
1.481210 1.965645 -0.263338 1.703717 1.666130 -0.341650 1.507719 1.866036 -0.436509
face
1.481210 1.965645 -0.263338 1.727050 1.725875 -0.224820 1.703717 1.666130 -0.341650
face
1.435683 1.989077 -0.003092 1.741279 1.758929 -0.106047 1.451237 1.985923 -0.092455
face
1.435683 1.989077 -0.003092 1.740682 1.781265 -0.058678 1.741279 1.758929 -0.106047
face
1.532623 1.989888 0.419736 1.783508 1.791591 0.309926 1.526138 1.987651 0.338049
face
1.532623 1.989888 0.419736 1.756190 1.782998 0.409958 1.783508 1.791591 0.309926
face
1.604513 1.868643 1.227768 1.659861 1.578063 1.137460 1.641763 1.918909 1.116699
face
1.604513 1.868643 1.227768 1.595114 1.509079 1.230799 1.659861 1.578063 1.137460
face
1.484378 1.986387 0.149330 1.758871 1.794356 0.034229 1.429496 1.985480 0.071128
face
1.484378 1.986387 0.149330 1.761195 1.815541 0.111442 1.758871 1.794356 0.034229
face
1.526138 1.987651 0.338049 1.766125 1.821085 0.182529 1.508105 1.986776 0.217687
face
1.526138 1.987651 0.338049 1.783508 1.791591 0.309926 1.766125 1.821085 0.182529
face
1.641763 1.918909 1.116699 1.709325 1.643589 0.998842 1.652556 1.910521 0.996507
face
1.641763 1.918909 1.116699 1.659861 1.578063 1.137460 1.709325 1.643589 0.998842
face
1.451237 1.985923 -0.092455 1.727050 1.725875 -0.224820 1.481210 1.965645 -0.263338
face
1.451237 1.985923 -0.092455 1.741279 1.758929 -0.106047 1.727050 1.725875 -0.224820
face
1.628904 1.920926 0.825179 1.732568 1.736903 0.730395 1.609261 1.957921 0.713169
face
1.628904 1.920926 0.825179 1.741070 1.718064 0.849407 1.732568 1.736903 0.730395
face
1.429496 1.985480 0.071128 1.740682 1.781265 -0.058678 1.435683 1.989077 -0.003092
face
1.429496 1.985480 0.071128 1.758871 1.794356 0.034229 1.740682 1.781265 -0.058678
face
1.571297 1.953971 0.619727 1.734829 1.787717 0.500402 1.540287 1.962593 0.527482
face
1.571297 1.953971 0.619727 1.719607 1.789843 0.624016 1.734829 1.787717 0.500402
face
1.507719 1.866036 -0.436509 1.488234 1.565271 -0.732853 1.280216 1.771269 -0.836243
face
1.507719 1.866036 -0.436509 1.703717 1.666130 -0.341650 1.488234 1.565271 -0.732853
face
1.652556 1.910521 0.996507 1.741070 1.718064 0.849407 1.628904 1.920926 0.825179
face
1.652556 1.910521 0.996507 1.709325 1.643589 0.998842 1.741070 1.718064 0.849407
face
1.508105 1.986776 0.217687 1.761195 1.815541 0.111442 1.484378 1.986387 0.149330
face
1.508105 1.986776 0.217687 1.766125 1.821085 0.182529 1.761195 1.815541 0.111442
face
1.280216 1.771269 -0.836243 1.339895 1.401853 -1.052955 1.156262 1.588835 -1.128841
face
1.280216 1.771269 -0.836243 1.488234 1.565271 -0.732853 1.339895 1.401853 -1.052955
face
1.609261 1.957921 0.713169 1.719607 1.789843 0.624016 1.571297 1.953971 0.619727
face
1.609261 1.957921 0.713169 1.732568 1.736903 0.730395 1.719607 1.789843 0.624016
face
1.447977 2.052743 0.698101 1.571297 1.953971 0.619727 1.388143 2.061471 0.615976
face
1.447977 2.052743 0.698101 1.609261 1.957921 0.713169 1.571297 1.953971 0.619727
face
1.182314 1.952762 -0.831834 1.156262 1.588835 -1.128841 1.040226 1.719836 -1.147798
face
1.182314 1.952762 -0.831834 1.280216 1.771269 -0.836243 1.156262 1.588835 -1.128841
face
1.186714 2.073109 0.248442 1.484378 1.986387 0.149330 1.130409 2.099460 0.182471
face
1.186714 2.073109 0.248442 1.508105 1.986776 0.217687 1.484378 1.986387 0.149330
face
1.549477 2.042075 0.994464 1.628904 1.920926 0.825179 1.477366 2.046924 0.803985
face
1.549477 2.042075 0.994464 1.652556 1.910521 0.996507 1.628904 1.920926 0.825179
face
1.311378 2.036012 -0.518478 1.280216 1.771269 -0.836243 1.182314 1.952762 -0.831834
face
1.311378 2.036012 -0.518478 1.507719 1.866036 -0.436509 1.280216 1.771269 -0.836243
face
1.388143 2.061471 0.615976 1.540287 1.962593 0.527482 1.327294 2.081038 0.551170
face
1.388143 2.061471 0.615976 1.571297 1.953971 0.619727 1.540287 1.962593 0.527482
face
1.157993 2.090894 0.123730 1.435683 1.989077 -0.003092 1.190571 2.062441 0.004882
face
1.157993 2.090894 0.123730 1.429496 1.985480 0.071128 1.435683 1.989077 -0.003092
face
1.477366 2.046924 0.803985 1.609261 1.957921 0.713169 1.447977 2.052743 0.698101
face
1.477366 2.046924 0.803985 1.628904 1.920926 0.825179 1.609261 1.957921 0.713169
face
1.157799 2.043350 -0.053466 1.481210 1.965645 -0.263338 1.185947 2.080381 -0.242387
face
1.157799 2.043350 -0.053466 1.451237 1.985923 -0.092455 1.481210 1.965645 -0.263338
face
1.572510 2.026161 1.098539 1.652556 1.910521 0.996507 1.549477 2.042075 0.994464
face
1.572510 2.026161 1.098539 1.641763 1.918909 1.116699 1.652556 1.910521 0.996507
face
1.259750 2.080773 0.362649 1.508105 1.986776 0.217687 1.186714 2.073109 0.248442
face
1.259750 2.080773 0.362649 1.526138 1.987651 0.338049 1.508105 1.986776 0.217687
face
1.130409 2.099460 0.182471 1.429496 1.985480 0.071128 1.157993 2.090894 0.123730
face
1.130409 2.099460 0.182471 1.484378 1.986387 0.149330 1.429496 1.985480 0.071128
face
1.559315 2.006000 1.225117 1.641763 1.918909 1.116699 1.572510 2.026161 1.098539
face
1.559315 2.006000 1.225117 1.604513 1.868643 1.227768 1.641763 1.918909 1.116699
face
1.283637 2.076228 0.428289 1.526138 1.987651 0.338049 1.259750 2.080773 0.362649
face
1.283637 2.076228 0.428289 1.532623 1.989888 0.419736 1.526138 1.987651 0.338049
face
1.190571 2.062441 0.004882 1.451237 1.985923 -0.092455 1.157799 2.043350 -0.053466
face
1.190571 2.062441 0.004882 1.435683 1.989077 -0.003092 1.451237 1.985923 -0.092455
face
1.185947 2.080381 -0.242387 1.507719 1.866036 -0.436509 1.311378 2.036012 -0.518478
face
1.185947 2.080381 -0.242387 1.481210 1.965645 -0.263338 1.507719 1.866036 -0.436509
face
0.478009 2.138006 0.502861 0.310993 2.260470 0.639290 0.470166 2.241048 0.649674
face
0.478009 2.138006 0.502861 0.335432 2.154573 0.478071 0.310993 2.260470 0.639290
face
-0.470643 2.197311 0.768498 -0.703281 2.115798 0.859082 -0.494767 2.201276 0.861173
face
-0.470643 2.197311 0.768498 -0.679156 2.115798 0.766407 -0.703281 2.115798 0.859082
face
-0.532410 2.237311 0.952505 -0.778567 2.115798 1.041746 -0.570054 2.278601 1.043837
face
-0.532410 2.237311 0.952505 -0.740924 2.115798 0.950414 -0.778567 2.115798 1.041746
face
-0.447218 2.190079 0.678509 -0.679156 2.115798 0.766407 -0.470643 2.197311 0.768498
face
-0.447218 2.190079 0.678509 -0.655731 2.084979 0.676418 -0.679156 2.115798 0.766407
face
-0.459533 2.170747 0.485895 -0.662074 2.090623 0.577217 -0.453560 2.197675 0.579308
face
-0.459533 2.170747 0.485895 -0.671199 2.075961 0.491078 -0.662074 2.090623 0.577217
face
-0.453560 2.197675 0.579308 -0.655731 2.084979 0.676418 -0.447218 2.190079 0.678509
face
-0.453560 2.197675 0.579308 -0.662074 2.090623 0.577217 -0.655731 2.084979 0.676418
face
-0.598186 2.304524 1.162327 -0.826434 2.149129 1.243350 -0.633714 2.310603 1.245441
face
-0.598186 2.304524 1.162327 -0.806700 2.115798 1.160236 -0.826434 2.149129 1.243350
face
-0.570054 2.278601 1.043837 -0.806700 2.115798 1.160236 -0.598186 2.304524 1.162327
face
-0.570054 2.278601 1.043837 -0.778567 2.115798 1.041746 -0.806700 2.115798 1.160236
face
-0.494767 2.201276 0.861173 -0.740924 2.115798 0.950414 -0.532410 2.237311 0.952505
face
-0.494767 2.201276 0.861173 -0.703281 2.115798 0.859082 -0.740924 2.115798 0.950414
face
-0.778567 2.115798 1.041746 -0.992455 2.092717 1.166045 -0.806700 2.115798 1.160236
face
-0.778567 2.115798 1.041746 -0.995037 2.053990 1.043198 -0.992455 2.092717 1.166045
face
-0.671199 2.075961 0.491078 -0.881469 2.066830 0.569955 -0.662074 2.090623 0.577217
face
-0.671199 2.075961 0.491078 -0.863690 2.086024 0.493228 -0.881469 2.066830 0.569955
face
-0.679156 2.115798 0.766407 -0.972406 2.044036 0.838750 -0.703281 2.115798 0.859082
face
-0.679156 2.115798 0.766407 -0.935118 2.043515 0.741718 -0.972406 2.044036 0.838750
face
-0.740924 2.115798 0.950414 -0.995037 2.053990 1.043198 -0.778567 2.115798 1.041746
face
-0.740924 2.115798 0.950414 -0.988109 2.052775 0.941700 -0.995037 2.053990 1.043198
face
-0.655731 2.084979 0.676418 -0.935118 2.043515 0.741718 -0.679156 2.115798 0.766407
face
-0.655731 2.084979 0.676418 -0.901454 2.052874 0.664800 -0.935118 2.043515 0.741718
face
-0.703281 2.115798 0.859082 -0.988109 2.052775 0.941700 -0.740924 2.115798 0.950414
face
-0.703281 2.115798 0.859082 -0.972406 2.044036 0.838750 -0.988109 2.052775 0.941700
face
-0.662074 2.090623 0.577217 -0.901454 2.052874 0.664800 -0.655731 2.084979 0.676418
face
-0.662074 2.090623 0.577217 -0.881469 2.066830 0.569955 -0.901454 2.052874 0.664800
face
-0.806700 2.115798 1.160236 -0.977085 2.061597 1.246255 -0.826434 2.149129 1.243350
face
-0.806700 2.115798 1.160236 -0.992455 2.092717 1.166045 -0.977085 2.061597 1.246255
face
-0.972406 2.044036 0.838750 -1.103658 2.039753 0.927177 -0.988109 2.052775 0.941700
face
-0.972406 2.044036 0.838750 -1.087954 2.029552 0.824227 -1.103658 2.039753 0.927177
face
-0.901454 2.052874 0.664800 -1.050666 2.041779 0.727195 -0.935118 2.043515 0.741718
face
-0.901454 2.052874 0.664800 -1.017002 2.020370 0.650277 -1.050666 2.041779 0.727195
face
-0.935118 2.043515 0.741718 -1.087954 2.029552 0.824227 -0.972406 2.044036 0.838750
face
-0.935118 2.043515 0.741718 -1.050666 2.041779 0.727195 -1.087954 2.029552 0.824227
face
-0.988109 2.052775 0.941700 -1.110586 2.040969 1.028675 -0.995037 2.053990 1.043198
face
-0.988109 2.052775 0.941700 -1.103658 2.039753 0.927177 -1.110586 2.040969 1.028675
face
-0.863690 2.086024 0.493228 -1.004737 2.044713 0.546470 -0.881469 2.066830 0.569955
face
-0.863690 2.086024 0.493228 -0.980485 2.061892 0.480379 -1.004737 2.044713 0.546470
face
-0.881469 2.066830 0.569955 -1.017002 2.020370 0.650277 -0.901454 2.052874 0.664800
face
-0.881469 2.066830 0.569955 -1.004737 2.044713 0.546470 -1.017002 2.020370 0.650277
face
-0.992455 2.092717 1.166045 -1.092633 2.004788 1.231732 -0.977085 2.061597 1.246255
face
-0.992455 2.092717 1.166045 -1.108003 2.056373 1.151522 -1.092633 2.004788 1.231732
face
-0.995037 2.053990 1.043198 -1.108003 2.056373 1.151522 -0.992455 2.092717 1.166045
face
-0.995037 2.053990 1.043198 -1.110586 2.040969 1.028675 -1.108003 2.056373 1.151522
face
-1.108003 2.056373 1.151522 -1.159753 1.938840 1.213002 -1.092633 2.004788 1.231732
face
-1.108003 2.056373 1.151522 -1.174345 1.969771 1.143458 -1.159753 1.938840 1.213002
face
-1.087954 2.029552 0.824227 -1.205287 1.970196 0.937188 -1.103658 2.039753 0.927177
face
-1.087954 2.029552 0.824227 -1.205959 1.991192 0.833051 -1.205287 1.970196 0.937188
face
-1.110586 2.040969 1.028675 -1.174345 1.969771 1.143458 -1.108003 2.056373 1.151522
face
-1.110586 2.040969 1.028675 -1.196179 1.993918 1.038514 -1.174345 1.969771 1.143458
face
-1.050666 2.041779 0.727195 -1.205959 1.991192 0.833051 -1.087954 2.029552 0.824227
face
-1.050666 2.041779 0.727195 -1.184374 1.998376 0.731372 -1.205959 1.991192 0.833051
face
-1.103658 2.039753 0.927177 -1.196179 1.993918 1.038514 -1.110586 2.040969 1.028675
face
-1.103658 2.039753 0.927177 -1.205287 1.970196 0.937188 -1.196179 1.993918 1.038514
face
-0.980485 2.061892 0.480379 -1.158310 2.023406 0.553316 -1.004737 2.044713 0.546470
face
-0.980485 2.061892 0.480379 -1.133679 2.038938 0.477312 -1.158310 2.023406 0.553316
face
-1.004737 2.044713 0.546470 -1.163172 2.000896 0.650122 -1.017002 2.020370 0.650277
face
-1.004737 2.044713 0.546470 -1.158310 2.023406 0.553316 -1.163172 2.000896 0.650122
face
-1.017002 2.020370 0.650277 -1.184374 1.998376 0.731372 -1.050666 2.041779 0.727195
face
-1.017002 2.020370 0.650277 -1.163172 2.000896 0.650122 -1.184374 1.998376 0.731372
face
-1.133679 2.038938 0.477312 -1.444051 1.858844 0.457464 -1.158310 2.023406 0.553316
face
-1.133679 2.038938 0.477312 -1.262578 2.010060 0.427970 -1.444051 1.858844 0.457464
face
-1.158310 2.023406 0.553316 -1.417320 1.878342 0.573441 -1.163172 2.000896 0.650122
face
-1.158310 2.023406 0.553316 -1.444051 1.858844 0.457464 -1.417320 1.878342 0.573441
face
-1.163172 2.000896 0.650122 -1.401663 1.887875 0.666890 -1.184374 1.998376 0.731372
face
-1.163172 2.000896 0.650122 -1.417320 1.878342 0.573441 -1.401663 1.887875 0.666890
face
-1.196179 1.993918 1.038514 -1.250636 1.924177 1.091466 -1.174345 1.969771 1.143458
face
-1.196179 1.993918 1.038514 -1.313424 1.917448 0.976356 -1.250636 1.924177 1.091466
face
-1.205959 1.991192 0.833051 -1.347396 1.912041 0.877934 -1.205287 1.970196 0.937188
face
-1.205959 1.991192 0.833051 -1.374104 1.906927 0.777283 -1.347396 1.912041 0.877934
face
-1.184374 1.998376 0.731372 -1.374104 1.906927 0.777283 -1.205959 1.991192 0.833051
face
-1.184374 1.998376 0.731372 -1.401663 1.887875 0.666890 -1.374104 1.906927 0.777283
face
-1.205287 1.970196 0.937188 -1.313424 1.917448 0.976356 -1.196179 1.993918 1.038514
face
-1.205287 1.970196 0.937188 -1.347396 1.912041 0.877934 -1.313424 1.917448 0.976356
face
-1.174345 1.969771 1.143458 -1.250636 1.924177 1.091466 -1.159753 1.938840 1.213002
face
-1.262578 2.010060 0.427970 -1.369354 2.003705 0.322037 -1.444051 1.858844 0.457464
face
-1.428158 1.994555 0.233303 -1.444051 1.858844 0.457464 -1.369354 2.003705 0.322037
face
-1.428158 1.994555 0.233303 -1.476236 1.854586 0.302766 -1.444051 1.858844 0.457464
face
-1.497566 1.810000 0.175798 -1.428158 1.994555 0.233303 -1.461262 1.980831 0.158843
face
-1.497566 1.810000 0.175798 -1.476236 1.854586 0.302766 -1.428158 1.994555 0.233303
face
-1.461262 1.980831 0.158843 -1.514101 1.750608 0.076718 -1.497566 1.810000 0.175798
face
-1.461262 1.980831 0.158843 -1.469851 1.989384 0.071985 -1.514101 1.750608 0.076718
face
-1.469851 1.989384 0.071985 -1.544573 1.645361 -0.061451 -1.514101 1.750608 0.076718
face
-1.469851 1.989384 0.071985 -1.471092 2.001504 -0.064370 -1.544573 1.645361 -0.061451
face
-1.471092 2.001504 -0.064370 -1.600437 1.596488 -0.186510 -1.544573 1.645361 -0.061451
face
-1.471092 2.001504 -0.064370 -1.522469 1.979734 -0.196448 -1.600437 1.596488 -0.186510
face
-1.522469 1.979734 -0.196448 -1.649598 1.508752 -0.496130 -1.600437 1.596488 -0.186510
face
-1.522469 1.979734 -0.196448 -1.581296 1.950683 -0.511981 -1.649598 1.508752 -0.496130
face
-1.581296 1.950683 -0.511981 -1.715457 1.405912 -0.834169 -1.649598 1.508752 -0.496130
face
-1.581296 1.950683 -0.511981 -1.562967 1.911721 -0.824778 -1.715457 1.405912 -0.834169
face
-1.562967 1.911721 -0.824778 -1.681850 1.283923 -1.153673 -1.715457 1.405912 -0.834169
face
-1.562967 1.911721 -0.824778 -1.480608 1.850238 -1.209163 -1.681850 1.283923 -1.153673
face
-0.710549 2.447486 -1.345116 -0.614826 2.161629 -1.640658 -0.808201 2.386634 -1.328856
face
-0.710549 2.447486 -1.345116 -0.541310 2.163807 -1.652899 -0.614826 2.161629 -1.640658
face
0.878521 1.869184 -1.210306 0.546894 1.811334 -1.601582 0.734925 1.976930 -1.276952
face
0.878521 1.869184 -1.210306 0.654998 1.644028 -1.551409 0.546894 1.811334 -1.601582
face
0.125149 2.440945 -1.321674 0.040317 2.134337 -1.644433 0.062033 2.458127 -1.333871
face
0.125149 2.440945 -1.321674 0.079430 2.124301 -1.635251 0.040317 2.134337 -1.644433
face
1.040226 1.719836 -1.147798 0.654998 1.644028 -1.551409 0.878521 1.869184 -1.210306
face
1.040226 1.719836 -1.147798 0.791142 1.455217 -1.504351 0.654998 1.644028 -1.551409
face
0.246055 2.372466 -1.312914 0.106622 2.108962 -1.636079 0.146035 2.427818 -1.318899
face
0.246055 2.372466 -1.312914 0.163660 2.083014 -1.631572 0.106622 2.108962 -1.636079
face
0.146035 2.427818 -1.318899 0.079430 2.124301 -1.635251 0.125149 2.440945 -1.321674
face
0.146035 2.427818 -1.318899 0.106622 2.108962 -1.636079 0.079430 2.124301 -1.635251
face
0.062033 2.458127 -1.333871 -0.063689 2.158169 -1.657220 -0.076120 2.480658 -1.350855
face
0.062033 2.458127 -1.333871 0.040317 2.134337 -1.644433 -0.063689 2.158169 -1.657220
face
0.393839 2.279348 -1.300851 0.163660 2.083014 -1.631572 0.246055 2.372466 -1.312914
face
0.393839 2.279348 -1.300851 0.288983 2.035141 -1.618103 0.163660 2.083014 -1.631572
face
-1.308368 2.045612 -1.273111 -1.239627 1.576328 -1.601111 -1.480608 1.850238 -1.209163
face
-1.308368 2.045612 -1.273111 -1.051885 1.843165 -1.606191 -1.239627 1.576328 -1.601111
face
-1.480608 1.850238 -1.209163 -1.484951 1.092506 -1.478155 -1.681850 1.283923 -1.153673
face
-1.480608 1.850238 -1.209163 -1.239627 1.576328 -1.601111 -1.484951 1.092506 -1.478155
face
1.339895 1.401853 -1.052955 0.859082 1.119404 -1.490080 1.156262 1.588835 -1.128841
face
1.339895 1.401853 -1.052955 0.812417 0.883153 -1.432950 0.859082 1.119404 -1.490080
face
-0.407771 2.532512 -1.367455 -0.474444 2.168722 -1.664365 -0.588873 2.500201 -1.360347
face
-0.407771 2.532512 -1.367455 -0.377785 2.175216 -1.669717 -0.474444 2.168722 -1.664365
face
0.625870 2.337926 -0.976332 0.393839 2.279348 -1.300851 0.490073 2.417776 -0.978432
face
0.625870 2.337926 -0.976332 0.493195 2.180949 -1.295662 0.393839 2.279348 -1.300851
face
-0.808201 2.386634 -1.328856 -0.695562 2.131865 -1.621754 -0.915444 2.322827 -1.303747
face
-0.808201 2.386634 -1.328856 -0.614826 2.161629 -1.640658 -0.695562 2.131865 -1.621754
face
-0.252763 2.509511 -1.363592 -0.377785 2.175216 -1.669717 -0.407771 2.532512 -1.367455
face
-0.252763 2.509511 -1.363592 -0.196672 2.175058 -1.666808 -0.377785 2.175216 -1.669717
face
0.493195 2.180949 -1.295662 0.288983 2.035141 -1.618103 0.393839 2.279348 -1.300851
face
0.493195 2.180949 -1.295662 0.364911 1.988202 -1.615668 0.288983 2.035141 -1.618103
face
-0.915444 2.322827 -1.303747 -0.789874 2.093202 -1.640450 -1.028988 2.243156 -1.299440
face
-0.915444 2.322827 -1.303747 -0.695562 2.131865 -1.621754 -0.789874 2.093202 -1.640450
face
-0.588873 2.500201 -1.360347 -0.541310 2.163807 -1.652899 -0.710549 2.447486 -1.345116
face
-0.588873 2.500201 -1.360347 -0.474444 2.168722 -1.664365 -0.541310 2.163807 -1.652899
face
0.612738 2.069099 -1.292352 0.364911 1.988202 -1.615668 0.493195 2.180949 -1.295662
face
0.612738 2.069099 -1.292352 0.454907 1.927156 -1.613176 0.364911 1.988202 -1.615668
face
-1.028988 2.243156 -1.299440 -0.887343 2.000116 -1.624753 -1.135938 2.187335 -1.278553
face
-1.028988 2.243156 -1.299440 -0.789874 2.093202 -1.640450 -0.887343 2.000116 -1.624753
face
-0.076120 2.480658 -1.350855 -0.196672 2.175058 -1.666808 -0.252763 2.509511 -1.363592
face
-0.076120 2.480658 -1.350855 -0.063689 2.158169 -1.657220 -0.196672 2.175058 -1.666808
face
1.156262 1.588835 -1.128841 0.791142 1.455217 -1.504351 1.040226 1.719836 -1.147798
face
1.156262 1.588835 -1.128841 0.859082 1.119404 -1.490080 0.791142 1.455217 -1.504351
face
0.734925 1.976930 -1.276952 0.454907 1.927156 -1.613176 0.612738 2.069099 -1.292352
face
0.734925 1.976930 -1.276952 0.546894 1.811334 -1.601582 0.454907 1.927156 -1.613176
face
-1.135938 2.187335 -1.278553 -1.051885 1.843165 -1.606191 -1.308368 2.045612 -1.273111
face
-1.135938 2.187335 -1.278553 -0.887343 2.000116 -1.624753 -1.051885 1.843165 -1.606191
face
0.686201 2.092314 -0.178384 0.598607 2.056523 -0.139959 0.690209 2.056523 -0.140005
face
0.686201 2.092314 -0.178384 0.591906 2.092314 -0.174222 0.598607 2.056523 -0.139959
face
0.623293 2.231293 -0.254966 0.686201 2.092314 -0.178384 0.706525 2.221452 -0.250550
face
0.623293 2.231293 -0.254966 0.591906 2.092314 -0.174222 0.686201 2.092314 -0.178384
display
